KecamatanName,PrabowoHattaVotes,JokowiKallaVotes,TotalVotes
LABUHAN HAJI TIMUR,0,0,0
LABUHAN HAJI BARAT,3584,3200,6784
KOTA BAHAGIA,1172,1389,2561
BAKONGAN TIMUR,1027,1230,2257
BAKONGAN,0,0,0
KLUET TIMUR,2552,1689,4241
TRUMON,950,1174,2124
TRUMON TIMUR,0,0,0
SAWANG,4676,2743,7419
SAMADUA,6333,2476,8809
PASIE RAJA,3470,2925,6395
LABUHAN HAJI,0,0,0
KLUET TENGAH,0,0,0
LAWE ALAS,7473,2030,9503
TRUMON TENGAH,0,0,0
TAPAKTUAN,7752,3401,11153
KETAMBE,3705,2347,6052
MEUKEK,5016,3676,8692
TANOH ALAS,1398,881,2279
LAWE BULAN,6165,2590,8755
KLUET UTARA,5194,5108,10302
KLUET SELATAN,2779,3259,6038
BADAR,0,0,0
DELENG POKHKISEN,0,0,0
LAWE SUMUR,0,0,0
BABUL RAHMAH,0,0,0
BANDA ALAM,960,1731,2691
BAMBEL,7774,2528,10302
DARUL HASANAH,0,0,0
SEMADAM,0,0,0
PEUDAWA,1637,1673,3310
DARUL AMAN,2354,3297,5651
LEUSER,0,0,0
BUKIT TUSAM,0,0,0
BABUL MAKMUR,0,0,0
SUNGAI RAYA,1477,1872,3349
BABUSSALAM,0,0,0
PEUREULAK TIMUR,1391,2678,4069
IDI TUNONG,1746,1748,3494
MADAT,3393,3941,7334
BIREM BAYEUN,8471,3382,11853
PEUREULAK BARAT,2282,2048,4330
IDI TIMUR,824,1153,1977
NURUSSALAM,2570,3702,6272
IDI RAYEUK,5577,5106,10683
RANTAU SELAMAT,1835,1942,3777
JULOK,3589,4736,8325
DARUL FALAH,442,1084,1526
SIMPANG JERNIH,1300,544,1844
PEUREULAK,4870,6850,11720
DARUL IHSAN,1155,1195,2350
INDRA MAKMU,4063,1733,5796
SERBAJADI,1893,1267,3160
SIMPANG ULIM,2492,2775,5267
PEUNARON,2315,1801,4116
BIES,1865,2243,4108
JAGONG JEGET,3274,1968,5242
BINTANG,1225,4038,5263
RANTAU PEUREULAK,5339,3238,8577
PANTE BIDARI,2626,4052,6678
SILIH NARA,4403,7420,11823
KUTE PANANG,1463,2745,4208
CELALA,1747,3106,4853
KETOL,3311,3819,7130
KEBAYAKAN,3047,4750,7797
ATU LINTANG,1972,1413,3385
LINGE,2239,3127,5366
PANTE CEUREUMEN,3245,2270,5515
ARONGAN LAMBALEK,2261,3316,5577
PEGASING,3528,6690,10218
RUSIP ANTARA,1525,2194,3719
WOYLA BARAT,2425,1714,4139
LAUT TAWAR,3987,5035,9022
PANTON REU,1930,1100,3030
JOHAN PAHWALAN,13649,10052,23701
BEBESEN,6936,9334,16270
WOYLA TIMUR,1345,1281,2626
KAWAY XVI,5921,4506,10427
BUBON,1732,1800,3532
MEUREUBO,5705,5686,11391
SUNGAI MAS,1218,845,2063
SIMPANG TIGA,1857,1176,3033
DARUL KAMAL,1819,1599,3418
KOTA COT GLIE,3272,3379,6651
SAMATIGA,3904,4284,8188
WOYLA,4000,3208,7208
INDRAPURI,6377,3906,10283
KUTA BARO,6132,5241,11373
LEUPUNG,631,763,1394
PULO ACEH,1127,1301,2428
KUTA MALAKA,2158,1042,3200
KOTA JANTHO,1967,2018,3985
MONTASIK,6373,3074,9447
BAITUSSALAM,3779,3160,6939
LHOONG,2779,2419,5198
SUKAMAKMUR,4189,3170,7359
DARUSSALAM,5537,3722,9259
LHOKNGA,4580,3111,7691
SIMPANG TIGA,4660,5611,10271
KEUMALA,1032,2969,4001
SAKTI,0,0,0
PEUKAN BADA,3778,3662,7440
MESJID RAYA,3001,3257,6258
MUTIARA TIMUR,4938,8418,13356
MANE,976,1397,2373
SEULIMEUM,4693,5158,9851
DARUL IMARAH,11484,7981,19465
BLANG BINTANG,3053,2148,5201
INGIN JAYA,8026,6351,14377
GLUMPANG BARO,1565,2941,4506
PADANG TIJI,4002,5167,9169
TANGSE,5198,6186,11384
MUARA TIGA,4865,1867,6732
BATEE,0,0,0
INDRA JAYA,3618,5734,9352
PIDIE,0,0,0
PEUKAN BARO,0,0,0
KOTA SIGLI,3518,3742,7260
COT GIREK,6352,2450,8802
PAYA BAKONG,2984,2449,5433
DELIMA,0,0,0
NISAM,4535,1928,6463
BAKTIYA,7176,6433,13609
PIRAK TIMUR,1775,1507,3282
GEUMPANG,785,1158,1943
GEULUMPANG TIGA,0,0,0
TITEUE,1110,1353,2463
BANDA BARO,1705,695,2400
KEMBANG TANJONG,3411,5241,8652
TANAH PASIR,1867,1427,3294
LANGKAHAN,4194,3819,8013
DEWANTARA,8254,4449,12703
KUTA MAKMUR,6314,3703,10017
MILA,1760,1958,3718
SYAMTALIRA ARON,4374,3121,7495
MUTIARA,3270,4973,8243
MUARA BATU,5837,2986,8823
SAMUDERA,6294,3771,10065
NIBONG,2514,1675,4189
SIMPANG KRAMAT,2801,1284,4085
TANAH LUAS,6213,4120,10333
SAWANG,7866,3931,11797
BAKTIYA BARAT,2948,3224,6172
MEURAH MULIA,3965,3782,7747
TELUK DALAM,0,0,0
GEUREDONG PASE,1563,533,2096
TEUPAH TENGAH,0,0,0
LAPANG,1181,1280,2461
SIMEULUE TENGAH,0,0,0
SIMEULUE BARAT,0,0,0
SURO MAKMUR,1233,1698,2931
TEUPAH SELATAN,0,0,0
TEUPAH BARAT,0,0,0
ALAPAN,0,0,0
SEUNUDDON,6338,2800,9138
LHOKSUKON,9549,7667,17216
MATANGKULI,3872,3445,7317
SIMEULUE TIMUR,0,0,0
SINGKOHOR,1795,1135,2930
KUALA BARU,569,413,982
SIMEULUE CUT,0,0,0
PULAU BANYAK,838,574,1412
KOTA BAHARU,1627,1031,2658
SYAMTALIRA BAYU,4800,2801,7601
SIMPANG KANAN,3821,2613,6434
SALANG,0,0,0
NISAM ANTARA,1611,937,2548
SINGKIL UTARA,2008,1810,3818
GANDAPURA,6515,2592,9107
KOTA JUANG,10759,5952,16711
JULI,7180,4581,11761
SINGKIL,4907,2480,7387
MAKMUR,3523,2013,5536
JEUMPA,7113,4486,11599
PEUDADA,5264,5031,10295
PEULIMBANG,2180,2342,4522
PEUSANGAN SIBLAH KRUENG,2839,1838,4677
DANAU PARIS,1054,1273,2327
GUNUNG MERIAH,9059,5549,14608
PEUSANGAN,11179,7392,18571
KUALA,4215,2235,6450
PEUSANGAN SELATAN,3085,2060,5145
SAMALANGA,6185,3652,9837
PANDRAH,2018,1335,3353
BLANG PIDIE,4780,3709,8489
PULAU BANYAK BARAT,370,654,1024
JANGKA,5432,4381,9813
JEUMPA,2860,1536,4396
JEUNIEB,7878,3096,10974
SUSOH,4895,5305,10200
SIMPANG MAMPLAM,4639,4356,8995
KUTAPANJANG,1536,2498,4034
TERANGUN,2187,2268,4455
PINING,680,1444,2124
MANGGENG,3479,2648,6127
KUTA BLANG,5773,2745,8518
BABAH ROT,2284,3615,5899
LEMBAH SABIL,0,0,0
BLANGKEJEREN,0,0,0
PUTERI BETUNG,1259,2673,3932
SETIA BAKTI,1729,1593,3322
PANTAN CUACA,714,1561,2275
RIKIT GAIB,0,0,0
BLANGJERANGO,1201,2483,3684
KUALA BATEE,3972,3536,7508
SETIA,1239,1627,2866
TADU RAYA,3129,3235,6364
PASIE RAYA,0,0,0
JAYA,5321,2147,7468
TERIPE JAYA,0,0,0
INDRA JAYA,2307,1233,3540
KRUENG SABEE,0,0,0
DARUL HIKMAH,1779,1271,3050
BLANGPEGAYON,1155,1465,2620
DABUN GELANG,1233,1499,2732
KUALA,4447,4269,8716
BEUTONG ATEUH BANGGALANG,308,553,861
KUALA PESISIR,4204,3819,8023
TEUNOM,3345,3199,6544
BEUTONG,2308,4007,6315
TRIPA MAKMUR,1932,1612,3544
PANGA,1458,1992,3450
DARUL MAKMUR,10555,9416,19971
SUKA MAKMUE,2077,2852,4929
SEUNAGAN TIMUR,3125,4321,7446
MANYAK PAYED,7261,4187,11448
SAMPOINIET,1453,1618,3071
KEJURUAN MUDA,9005,5757,14762
SERUWAY,6817,4801,11618
SEUNAGAN,3480,4764,8244
BANDAR PUSAKA,3303,2136,5439
KOTA KUALASIMPANG,4391,2982,7373
TENGGULUN,3867,2994,6861
RANTAU,10874,4766,15640
TAMIANG HULU,5532,2790,8322
SEKERAK,1990,1106,3096
BENDAHARA,5617,2931,8548
BUKIT,0,0,0
MESIDAH,635,1445,2080
BANDA MULIA,3180,1373,4553
KARANG BARU,12432,5320,17752
BANDAR,0,0,0
BENER KELIPAH,759,1531,2290
MEUREUDU,3636,4771,8407
TIMANG GAJAH,0,0,0
KUTA ALAM,8282,6568,14850
WIH PESAM,5304,5670,10974
MEURAH DUA,2344,2740,5084
PINTU RIME GAYO,1965,3742,5707
TRIENGGADENG,3869,4105,7974
LUENG BATA,4387,3644,8031
PERMATA,0,0,0
JANGKA BUYA,1195,2071,3266
SYIAH KUALA,6280,4618,10898
GAJAH PUTIH,0,0,0
SYIAH UTAMA,300,653,953
JAYA BARU,4594,3471,8065
ULEE KARENG,5028,3950,8978
BAITURRAHMAN,6679,5261,11940
BANDAR BARU,6010,6710,12720
MUARA DUA,9299,4709,14008
ULIM,1917,3794,5711
BANDAR DUA,3590,4847,8437
SUKAJAYA,3746,2619,6365
SUKAKARYA,3555,2918,6473
BLANG MANGAT,4426,3013,7439
LANGSA KOTA,8533,4667,13200
RUNDENG,3764,1685,5449
LANGSA BARO,14232,5092,19324
PANTERAJA,1521,1300,2821
MEURAXA,3215,3080,6295
LONGKIB,1494,1039,2533
SIMPANG KIRI,7966,4310,12276
TUKKA,1587,3496,5083
BANDA RAYA,5642,3709,9351
KUTA RAJA,1716,1702,3418
LANGSA TIMUR,3639,1838,5477
MUARA SATU,5999,3257,9256
BADIRI,2631,6471,9102
PENANGGALAN,3299,2038,5337
SUKA BANGUN,340,1114,1454
BANDA SAKTI,14892,8317,23209
SITAHUIS,0,0,0
SORKAM,0,0,0
LANGSA BARAT,6976,3235,10211
LANGSA LAMA,9313,3508,12821
ANDAM DEWI,1407,4863,6270
SORKAM BARAT,2183,4574,6757
SULTAN DAULAT,3649,2204,5853
TAPIAN NAULI,2000,6211,8211
GAROGA,914,6395,7309
LUMUT,992,3857,4849
BARUS,3972,2833,6805
TARUTUNG,2140,16837,18977
KOLANG,1291,6367,7658
PANDAN,0,0,0
BARUS UTARA,240,2040,2280
PINANGSORI,2315,6550,8865
SOSOR GADONG,0,0,0
SIMANGUMBAN,677,2716,3393
PANGARIBUAN,929,11370,12299
PASARIBU TOBING,0,0,0
SIBABANGUN,2050,5479,7529
ANGKOLA BARAT,8823,2362,11185
SIRANDORUNG,1010,4761,5771
PURBA TUA,482,2920,3402
PAGARAN,308,7648,7956
MANDUAMAS,1828,5877,7705
SARUDIK,0,0,0
ADIAN KOTING,518,5878,6396
SIATAS BARITA,664,5661,6325
PAHAE JULU,586,5306,5892
TANO TOMBANGAN ANGKOLA,1431,6247,7678
ARSE,2975,1570,4545
MUARA,229,6506,6735
MARANCAR,3491,1451,4942
SIPAHUTAR,706,10962,11668
BATANG ANGKOLA,11997,3672,15669
AEK BILAH,2908,975,3883
PARMONANGAN,303,6447,6750
SIPOHOLON,936,9178,10114
ANGKOLA SANGKUNUR,3871,5876,9747
SAYUR MATINGGI,7994,3401,11395
SIPIROK,11369,4333,15702
ANGKOLA TIMUR,8052,1963,10015
PAHAE JAE,821,4304,5125
MUARA BATANG TORU,2141,2946,5087
GIDO,517,8501,9018
BATANG TORU,7160,7530,14690
BAHOROK,0,0,0
SIRAPIT,4312,4443,8755
BOTOMUZOI,387,3819,4206
SAWIT SEBERANG,5258,7260,12518
BATANG SERANGAN,0,0,0
HILISERANGKAI,427,5891,6318
ANGKOLA SELATAN,5712,6129,11841
BABALAN,12053,12274,24327
SAIPAR DOLOK HOLE,4687,2178,6865
ULUGAWO,486,4785,5271
BRANDAN BARAT,0,0,0
PANGKALAN SUSU,0,0,0
HILIDUHO,222,4117,4339
BESITANG,0,0,0
IDANO GAWO,2099,9244,11343
TANJUNG PURA,0,0,0
BAWOLATO,1524,7707,9231
SEI LEPAN,9688,12619,22307
BINJAI,13548,8475,22023
KUTAMBARU,2173,4877,7050
GEBANG,10299,9860,20159
SALAPIAN,5536,8311,13847
KUALA,11025,9508,20533
SIMPANG EMPAT,1356,8141,9497
WAMPU,11793,9067,20860
STABAT,0,0,0
PAYUNG,667,4816,5483
LAUBALENG,929,7498,8427
SELESAI,0,0,0
HINAI,0,0,0
SECANGGANG,17900,14641,32541
MARDINGDING,735,7003,7738
PADANG TUALANG,11242,12489,23731
SEI BINGEI,8473,14775,23248
MERDEKA,1105,5109,6214
NAMAN TERAN,986,4123,5109
GUNUNG MERIAH,0,0,0
KABANJAHE,5367,21660,27027
PEMATANG JAYA,0,0,0
BATANG KUIS,16245,8625,24870
BERASTAGI,4211,14167,18378
MEREK,854,8271,9125
DOLAT RAYAT,483,3606,4089
TIGABINANGA,1594,8804,10398
LABUHAN DELI,0,0,0
KUTABULUH,1330,5130,6460
JUHAR,651,6993,7644
MUNTE,1389,8829,10218
PATUMBAK,0,0,0
PERCUT SEI TUAN,91428,62678,154106
BARUSJAHE,1115,10680,11795
LUBUK PAKAM,0,0,0
PANTAI LABU,10445,8143,18588
HAMPARAN PERAK,44699,23338,68037
TIGAPANAH,1593,13036,14629
DELI TUA,0,0,0
KUTALIMBARU,0,0,0
SIBOLANGIT,0,0,0
SUNGGAL,0,0,0
STM HILIR,4465,10386,14851
TANJUNG MORAWA,0,0,0
STM HULU,1225,5003,6228
TIGANDERKET,1097,5880,6977
NAMORAMBE,0,0,0
SIANTAR,12917,19726,32643
SILIMAKUTA,626,5254,5880
BERINGIN,12254,13808,26062
DOLOK PARDAMEAN,515,7822,8337
DOLOK SILAU,850,6301,7151
HUTA BAYU RAJA,3696,10975,14671
BANGUN PURBA,4991,6222,11213
PAGAR MERBAU,10146,7753,17899
GALANG,0,0,0
BANDAR MASILAM,6559,5814,12373
UJUNG PADANG,8424,11708,20132
BANDAR,13056,16782,29838
GUNUNG MALIGAS,7665,5511,13176
PANOMBEIAN PANE,3068,7582,10650
RAYA,2199,13824,16023
BANDAR HULUAN,6467,6922,13389
JAWA MARAJA BAH JAMBI,4883,5400,10283
PEMATANG BANDAR,6474,9134,15608
PANCUR BATU,14120,24919,39039
SILOU KAHEAN,2095,6009,8104
DOLOK PANRIBUAN,865,8446,9311
HARANGGAOL HORISON,222,2690,2912
PANEI,2220,9457,11677
DOLOK BATU NANGGAR,11047,10255,21302
GIRSANG SIPANGAN BOLON,860,7009,7869
TAPIAN DOLOK,9783,10642,20425
PEMATANG SIDAMANIK,1896,6648,8544
SIDAMANIK,3902,10164,14066
SEI DADAP,7438,7839,15277
TANAH JAWA,8933,16027,24960
GUNUNG MALELA,8780,9304,18084
JORLANG HATARAN,1949,6265,8214
HATONDUHAN,2079,8167,10246
PURBA,1039,9521,10560
SETIA JANJI,2826,3921,6747
RAYA KAHEAN,2269,6713,8982
BOSAR MALIGAS,8701,11264,19965
MERANTI,3218,6662,9880
SEI KEPAYANG BARAT,2862,2225,5087
RAWANG PANCA ARGA,4490,4739,9229
TELUK DALAM,4211,4397,8608
AEK SONGSONGAN,3259,5662,8921
PAMATANG SILIMA HUTA,323,5053,5376
AIR JOMAN,9421,11402,20823
KOTA KISARAN BARAT,16480,12068,28548
SILAU LAUT,4445,5187,9632
PULO BANDRING,7239,8182,15421
SEI KEPAYANG TIMUR,2391,1179,3570
KOTA KISARAN TIMUR,20541,14396,34937
RAHUNING,4415,4765,9180
AEK KUASAN,4761,7872,12633
SIMPANG EMPAT,7103,10817,17920
TINGGI RAJA,4582,5487,10069
AEK LEDONG,3824,6019,9843
PANAI TENGAH,5368,8405,13773
RANTAU UTARA,24400,16271,40671
PULAU RAKYAT,6746,9180,15926
AIR BATU,9790,9766,19556
RANTAU SELATAN,19295,9890,29185
BRAMPU,1314,2208,3522
BANDAR PASIR MANDOGE,4857,11593,16450
LAE PARIRA,1210,5601,6811
GUNUNG SITEMBER,804,3933,4737
SEI KEPAYANG,2956,4231,7187
TANJUNG BALAI,7629,5422,13051
BANDAR PULAU,4477,6895,11372
PANAI HILIR,6461,7671,14132
PANAI HULU,7452,7769,15221
PANGKATAN,7165,9523,16688
BUNTU PANE,4976,7425,12401
BILAH HILIR,10740,13104,23844
SIEMPAT NEMPU,1109,7533,8642
BILAH HULU,15414,13143,28557
SIDIKALANG,5185,17072,22257
SILIMA PUNGGA PUNGA,1240,5235,6475
TIGALINGGA,1728,9860,11588
BILAH BARAT,10276,6125,16401
SUMBUL,1797,16966,18763
PEGAGAN HILIR,905,6282,7187
SIEMPAT NEMPU HILIR,730,4521,5251
NASSAU,617,3259,3876
SILAHISABUNGAN,200,2090,2290
SIEMPAT NEMPU HULU,2251,6313,8564
BALIGE,1692,16619,18311
TANAH PINEM,1809,9164,10973
PORSEA,758,5734,6492
AJIBATA,191,3686,3877
BORBOR,208,3139,3347
SIGUMPAR,269,3368,3637
ULUAN,297,3850,4147
LUMBAN JULU,242,3990,4232
PARBULUAN,805,8640,9445
SILAEN,414,6305,6719
SIANTAR NARUMONDA,300,2563,2863
PANYABUNGAN KOTA,29000,5814,34814
TAMPAHAN,134,1971,2105
PINTU POHAN MERANTI,574,2485,3059
PARMAKSIAN,762,4203,4965
NATAL,8616,5370,13986
SINUNUKAN,4297,4290,8587
BONATUA LUNASI,279,2402,2681
SITINJO,1038,4314,5352
HABINSARAN,636,6951,7587
LINGGA BAYU,6986,4178,11164
BATAHAN,7227,2751,9978
MUARA BATANG GADIS,4479,2393,6872
RANTO BAEK,4376,1664,6040
LAGUBOTI,781,9000,9781
BATANG NATAL,9102,2683,11785
MUARA SIPONGI,3410,1666,5076
PANYABUNGAN BARAT,4153,683,4836
SIABU,16900,4237,21137
KOTANOPAN,10802,1950,12752
BUKIT MALINTANG,3906,1343,5249
FANAYAMA,0,0,0
LEMBAH SORIK MARAPI,4566,637,5203
NAGA JUANG,845,1062,1907
PANYABUNGAN TIMUR,5181,805,5986
PANYABUNGAN SELATAN,4475,656,5131
ULU PUNGKUT,2232,182,2414
LOLOMATUA,0,0,0
HUTA BARGOT,3140,626,3766
PAKANTAN,725,370,1095
PANYABUNGAN UTARA,6169,2550,8719
PUNCAK SORIK MARAPI,3985,299,4284
GOMO,0,0,0
TAMBANGAN,5476,837,6313
ARAMO,0,0,0
HURUNA,0,0,0
ULUNOYO,0,0,0
SIMUK,0,0,0
BORONADU,0,0,0
MAZINO,1391,5820,7211
LAHUSA,952,10935,11887
TOMA,0,0,0
ONOHAZUMBA,0,0,0
HIBALA,0,0,0
MAZO,851,6331,7182
UMBUNASI,0,0,0
HILIMEGAI,0,0,0
ULUSUSUA,1720,5107,6827
SOMAMBAWA,529,4392,4921
SITELU TALI URANG JEHE,2143,1729,3872
TELUK DALAM,1587,16952,18539
SUSUA,0,0,0
SITELU TALI URANG JULU,599,1122,1721
AMANDRAYA,1376,3881,5257
MANIAMOLO,0,0,0
TANAH MASA,0,0,0
ONAN GANJANG,496,4531,5027
SALAK,855,2621,3476
BAKTIRAJA,208,3339,3547
PAKKAT,0,0,0
ONAN RUNGGU,261,4752,5013
PARANGINAN,0,0,0
TINADA,421,1386,1807
SIEMPAT RUBE,414,1486,1900
KERAJAAN,1262,2414,3676
PAGINDAR,207,346,553
SIJAMAPOLANG,306,2260,2566
RONGGUR NIHUTA,267,3605,3872
SIANJUR MULA MULA,215,4468,4683
POLLUNG,0,0,0
TEBING SYAHBANDAR,10468,5890,16358
PERGETTENG GETTENG SENGKUT,780,971,1751
PARLILITAN,0,0,0
SILINDA,1158,3375,4533
DOLOK SANGGUL,0,0,0
SEI BAMBAN,7063,13952,21015
TEBING TINGGI,12524,9286,21810
NAINGGOLAN,297,5292,5589
LINTONG NIHUTA,1419,13138,14557
HARIAN,363,3524,3887
KOTARIH,1591,2761,4352
PALIPI,358,7874,8232
TARABINTANG,0,0,0
SIMANINDO,479,10367,10846
DOLOK MASIHUL,13599,12301,25900
TANJUNG BERINGIN,7955,7942,15897
BINTANG BAYU,3783,2781,6564
DOLOK MERAWAN,5940,3684,9624
MEDANG DERAS,10611,10600,21211
TALAWI,10748,13683,24431
BANDAR KHALIFAH,4193,7930,12123
PANGURURAN,966,13704,14670
SERBA JADI,4518,5707,10225
PANTAI CERMIN,11276,9103,20379
SIPISPIS,7929,8827,16756
AIR PUTIH,11257,12959,24216
SEI BALAI,6451,7252,13703
PEGAJAHAN,5846,8612,14458
PORTIBI,10348,1955,12303
SEI SUKA,13961,12921,26882
SIMANGAMBAT,12475,13490,25965
DOLOK,9196,2746,11942
DOLOK SIGOMPULON,5245,2407,7652
SOSOPAN,3501,1262,4763
PADANG BOLAK JULU,3887,1054,4941
TANJUNG TIRAM,10275,13665,23940
PERBAUNGAN,28203,21630,49833
HALONGONAN,10677,5694,16371
LIMA PULUH,18101,22403,40504
ULU BARUMUN,4212,1738,5950
HUTA RAJA TINGGI,10019,8416,18435
TELUK MENGKUDU,9692,9765,19457
PADANG BOLAK,24707,6380,31087
SOSA,10863,3981,14844
SIHAPAS BARUMUN,2188,432,2620
BATANG ONANG,4184,1640,5824
BARUMUN TENGAH,7043,1296,8339
SUNGAI KANAN,14780,7798,22578
BATANG LUBU SUTAM,4142,1598,5740
KOTAPINANG,14894,13122,28016
HURISTAK,5480,2539,8019
AEK NABARA BARUMUN,4731,939,5670
HULU SIHAPAS,1693,382,2075
BARUMUN SELATAN,2990,710,3700
KUALUH HULU,11924,21298,33222
MARBAU,11432,9894,21326
LAHEWA,1884,6709,8593
AEK KUO,5583,9640,15223
LUBUK BARUMUN,6099,1660,7759
ALASA,964,5926,6890
KAMPUNG RAKYAT,12712,14141,26853
BARUMUN,15495,4218,19713
AFULU,1024,3083,4107
KUALUH HILIR,4649,9288,13937
TORGAMBA,17524,29511,47035
NAMOHALU ESIWA,346,4987,5333
AEK NATAS,7817,7835,15652
SILANGKITANG,6988,9008,15996
KUALUH LEIDONG,5008,8122,13130
LAHEWA TIMUR,421,3031,3452
SAWO,639,3293,3932
LOTU,508,4498,5006
KUALUH SELATAN,11146,18706,29852
TUHEMBERUA,469,4122,4591
MEDAN LABUHAN,28948,22552,51500
MANDREHE,700,8860,9560
SITOLU ORI,523,4696,5219
ALASA TALUMUZOI,303,2070,2373
MEDAN TEMBUNG,36652,26457,63109
MEDAN TIMUR,28108,28932,57040
LAHOMI,616,4002,4618
TUGALA OYO,202,2890,3092
MEDAN MAIMUN,12801,9913,22714
LOLOFITU MOI,1197,4315,5512
MEDAN SUNGGAL,27470,24877,52347
MEDAN PERJUANGAN,25497,24598,50095
MEDAN AREA,32862,22676,55538
SIROMBU,1121,3396,4517
MANDREHE BARAT,243,2714,2957
MEDAN PETISAH,11954,22355,34309
MANDREHE UTARA,406,3086,3492
MEDAN MARELAN,39648,20964,60612
MEDAN TUNTUNGAN,12319,27223,39542
MEDAN KOTA,16439,25773,42212
MEDAN BARU,6607,12637,19244
MEDAN POLONIA,11286,12557,23843
MEDAN HELVETIA,33517,35254,68771
MEDAN DENAI,38688,28462,67150
MEDAN BELAWAN,21862,17425,39287
SIANTAR UTARA,7902,15791,23693
SIANTAR MARIMBUN,1284,7142,8426
MEDAN JOHOR,33926,27539,61465
SIANTAR BARAT,10327,9058,19385
MEDAN DELI,39353,29295,68648
SIBOLGA SELATAN,5701,6600,12301
SIANTAR SELATAN,1181,8265,9446
SIANTAR MARIHAT,1689,8070,9759
SIBOLGA UTARA,1651,7978,9629
MEDAN BARAT,19269,20754,40023
SIANTAR TIMUR,4159,14493,18652
MEDAN AMPLAS,33273,20574,53847
TANJUNG BALAI SELATAN,3993,5131,9124
MEDAN SELAYANG,19764,25578,45342
SIANTAR SITALASARI,5997,7923,13920
BINJAI BARAT,12530,7522,20052
BINJAI KOTA,8407,7482,15889
SIANTAR MARTOBA,7585,12545,20130
SIBOLGA SAMBAS,4169,4129,8298
TELUK NIBUNG,7963,5189,13152
DATUK BANDAR,6436,6972,13408
BINJAI UTARA,23149,11275,34424
SIBOLGA KOTA,3161,3866,7027
PADANG HULU,8165,6273,14438
BINJAI TIMUR,17748,10030,27778
PADANGSIDIMPUAN TENGGARA,9769,3925,13694
SEI TUALANG RASO,5044,3642,8686
DATUK BANDAR TIMUR,7560,4126,11686
PADANGSIDIMPUAN SELATAN,20957,8884,29841
BINJAI SELATAN,16054,9154,25208
TANJUNG BALAI UTARA,3523,3551,7074
PADANGSIDIMPUAN ANGKOLA JULU,2830,951,3781
PADANGSIDIMPUAN UTARA,24148,5833,29981
BAJENIS,8963,7862,16825
GUNUNGSITOLI UTARA,1333,6073,7406
TEBING TINGGI KOTA,5861,7338,13199
PADANGSIDIMPUAN BATUNADUA,7548,2276,9824
LUNANG,4741,5076,9817
GUNUNGSITOLI IDANOI,1153,9868,11021
PADANG HILIR,9204,6888,16092
RAMBUTAN,9399,7137,16536
GUNUNGSITOLI BARAT,313,3331,3644
KOTO XI TARUSAN,16477,5388,21865
PADANGSIDIMPUAN HUTAIMBARU,6595,1554,8149
BAYANG,16018,3220,19238
BASA AMPEK BALAI TAPAN,3384,2180,5564
GUNUNGSITOLI,6030,20577,26607
SUTERA,16484,4997,21481
RANAH AMPEK HULU TAPAN,4143,1864,6007
SILAUT,3708,3568,7276
PANTAI CERMIN,7142,1409,8551
GUNUNGSITOLI SELATAN,535,6019,6554
LINGGO SARI BAGANTI,13824,5574,19398
PANCUNG SOAL,6917,3211,10128
IX KOTO SEI LASI,4366,911,5277
AIRPURA,3805,2483,6288
HILIRAN GUMANTI,6056,1149,7205
IV NAGARI BAYANG UTARA,3711,549,4260
KUBUNG,23290,3836,27126
LEMBAH GUMANTI,19286,2441,21727
BATANG KAPAS,9918,3763,13681
BUKIT SUNDI,9553,1730,11283
RANAH PESISIR,9987,4188,14175
X KOTO SINGKARAK,13797,2730,16527
X KOTO DIATAS,7811,1579,9390
TIGO LURAH,3878,910,4788
TANJUNG GADANG,8787,1879,10666
IV JURAI,17408,5299,22707
SUMPUR KUDUS,7899,3756,11655
LENGAYANG,16625,7014,23639
KOTO VII,11768,3037,14805
JUNJUNG SIRI,5220,738,5958
DANAU KEMBAR,7174,746,7920
LEMBANG JAYA,10038,1668,11706
LINTAU BUO UTARA,8652,9698,18350
PAYUNG SEKAKI,3587,572,4159
IV NAGARI,6079,924,7003
PARIANGAN,7683,1711,9394
X KOTO,14816,3437,18253
SUNGAI TARAB,11803,2642,14445
GUNUNG TALANG,19944,3412,23356
TANJUNG EMAS,9512,2338,11850
BATIPUAH SELATAN,5057,822,5879
SUNGAYANG,6180,2312,8492
SALIMPAUANG,8057,1692,9749
LUBUK ALUNG,14807,3443,18250
RAMBATAN,13817,2801,16618
TANJUANG BARU,5799,948,6747
LIMA KAUM,15118,3139,18257
LUBUAK TAROK,4601,2626,7227
SIJUNJUNG,16417,4014,20431
KAMANG BARU,14311,6826,21137
2 X 11 ENAM LINGKUNG,5922,2390,8312
LINTAU BUO,5338,3689,9027
SINTUAK TOBOH GADANG,6880,1660,8540
KUPITAN,4641,1234,5875
PATAMUAN,5676,1688,7364
BATANG ANAI,14936,3786,18722
PADANG GANTING,4988,2093,7081
IV KOTO AUR MALINTANG,6398,1674,8072
V KOTO TIMUR,5615,1130,6745
BATANG GASAN,4503,811,5314
TANJUNG MUTIARA,0,0,0
SUNGAI LIMAU,10420,2269,12689
SUNGAI GARINGGING,8524,3051,11575
NAN SABARIS,10825,2050,12875
2 X 11 KAYU TANAM,8807,2678,11485
BATIPUH,10613,2865,13478
TILATANG KAMANG,14173,2953,17126
ULAKAN TAPAKIH,6696,1771,8467
PADANG SAGO,3017,1001,4018
KAMANG MAGEK,9425,1691,11116
BANUHAMPU,14317,2522,16839
V KOTO KAMPUNG DALAM,8863,1924,10787
ENAM LINGKUNG,7414,1835,9249
PALUPUH,5158,1242,6400
AMPEK NAGARI,8612,2306,10918
BASO,12864,2871,15735
CANDUNG,8670,1787,10457
VII KOTO SUNGAI SARIK,11635,4194,15829
SUNGAI PUA,9093,1753,10846
TANJUNG RAYA,13017,2843,15860
IV KOTO,9894,1639,11533
PELEMBAYAN,11355,2205,13560
BUKIK BARISAN,9332,1789,11121
IV ANGKAT CANDUNG,15606,3746,19352
GUNUANG OMEH,4834,1426,6260
LAREH SAGO HALABAN,14331,4617,18948
PAYAKUMBUH,12815,2761,15576
SITUJUAH LIMO NAGARI,8640,2074,10714
MATUR,7477,1340,8817
MALALAK,3628,613,4241
LUBUK BASUNG,23529,6334,29863
MUNGKA,9650,2084,11734
RAO UTARA,4623,1040,5663
KAPUR IX,8460,2862,11322
SULIKI,5588,1711,7299
HARAU,17964,4949,22913
PANTI,9871,3635,13506
BONJOL,8207,1880,10087
PANGKALAN KOTO BARU,10502,2272,12774
LUAK,11062,2388,13450
SIMPANG ALAHAN MATI,3971,661,4632
PADANG GELUGUR,10148,2766,12914
MAPAT TUNGGUL SELATAN,3120,1120,4240
GUGUAK,13440,4045,17485
DUO KOTO,7767,3060,10827
SIBERUT SELATAN,0,0,0
SIBERUT BARAT DAYA,0,0,0
LUBUK SIKAPING,19038,3231,22269
RAO,7961,3385,11346
TIGO NAGARI,7644,1702,9346
AKABILURU,10465,1721,12186
SIKAKAP,0,0,0
MAPAT TUNGGUL,2915,1845,4760
KOTO SALAK,5324,4371,9695
PAGAI UTARA,0,0,0
SIBERUT BARAT,0,0,0
PULAU PUNJUNG,14604,4167,18771
SIBERUT TENGAH,0,0,0
SIPORA UTARA,0,0,0
SITIUNG,9578,3881,13459
RAO SELATAN,8978,2319,11297
SIBERUT UTARA,0,0,0
SIPORA SELATAN,0,0,0
TIMPEH,4678,3173,7851
SANGIR JUJUAN,5340,1078,6418
PADANG LAWEH,1983,1169,3152
TIUMANG,3588,3345,6933
SANGIR BATANG HARI,4920,2411,7331
LUHAK NAN DUO,13729,5522,19251
PAGAI SELATAN,0,0,0
KOTO BESAR,7452,4523,11975
RANAH BATAHAN,9098,3287,12385
SANGIR,13722,4466,18188
ASAM JUJUHAN,4257,1595,5852
KOTO BARU,11072,4531,15603
PAUH DUO,6413,1616,8029
GUNUNG TULEH,0,0,0
SUNGAI AUA,10071,4072,14143
PADANG SELATAN,18798,9241,28039
SANGIR BALAI JANGGO,6212,2771,8983
SUNGAI RUMBAI,5003,4837,9840
SASAK RANAH PESISIA,4940,1703,6643
KOTO BALINGKA,8334,3546,11880
KOTO PARIK GADANG DIATEH,7881,2064,9945
SEMBILAN KOTO,2602,1145,3747
PAUH,22107,4039,26146
TALAMAU,11156,1890,13046
NANGGALO,21193,5640,26833
KURANJI,49937,9780,59717
BUNGUS TELUK KABUNG,8788,1516,10304
PADANG UTARA,20697,5443,26140
LUBUK BEGALUNG,40781,10537,51318
SUNGAI PAGU,11577,2697,14274
SUNGAI BEREMAS,7121,1775,8896
TANJUNG HARAPAN,11256,2426,13682
PADANG TIMUR,29436,7665,37101
PADANG PANJANG BARAT,10980,2616,13596
PADANG BARAT,14282,8106,22388
PASAMAN,23134,5883,29017
LEMBAH MELINTANG,14078,3312,17390
KINALI,20039,8905,28944
PADANG PANJANG TIMUR,7967,1786,9753
LUBUK KILANGAN,18849,4298,23147
LEMBAH SEGAR,5128,1387,6515
PAYAKUMBUH BARAT,17746,4672,22418
KOTO TANGAH,59982,17433,77415
BARANGIN,7000,2017,9017
LUBUK SIKARAH,14393,2644,17037
BANGKINANG,13629,3037,16666
PARIAMAN TIMUR,6606,1123,7729
LAMPOSI TIGO NAGORI,3908,796,4704
PARIAMAN SELATAN,6952,1198,8150
RUMBIO JAYA,6378,1933,8311
TALAWI,7466,2165,9631
SILUNGKANG,3880,1097,4977
PAYAKUMBUH UTARA,11739,2515,14254
SALO,7392,2835,10227
PAYAKUMBUH TIMUR,9517,2883,12400
PARIAMAN UTARA,7904,1652,9556
GUGUAK PANJANG,14470,3681,18151
GUNUNG SAHILAN,3496,5186,8682
AUR BIRUGO TIGO BALEH,9145,1894,11039
PERHENTIAN RAJA,4377,3512,7889
KAMPAR,21187,3084,24271
SIAK HULU,26069,15156,41225
KAMPAR TIMUR,9819,2174,11993
KAMPAR KIRI TENGAH,6778,7583,14361
KAMPAR KIRI HULU,3018,2676,5694
PAYAKUMBUH SELATAN,4221,884,5105
PARIAMAN TENGAH,12517,2697,15214
TAPUNG HILIR,11596,14887,26483
TAMBANG,24850,7197,32047
KUALA CENAKU,3081,2684,5765
KAMPAR KIRI HILIR,2927,2378,5305
KUOK,8927,2144,11071
BANGKINANG SEBERANG,11190,4604,15794
TAPUNG HULU,13569,23052,36621
LIRIK,4756,6406,11162
BATANG CENAKU,6179,10963,17142
RAKIT KULIM,2964,5331,8295
LUBUK BATU JAYA,4383,6048,10431
KAMPAR UTARA,8313,1015,9328
KAMPAR KIRI,6538,6706,13244
BATANG PERANAP,1451,3724,5175
RENGAT BARAT,10154,10050,20204
BENGKALIS,16789,19492,36281
MANDAU,62864,48405,111269
PASIR PENYU,7817,6499,14316
XIII KOTO KAMPAR,7865,3407,11272
TAPUNG,20749,21824,42573
PERANAP,5137,7276,12413
BATANG GANGSAL,2930,8765,11695
BUKIT BATU,7195,8878,16073
KELAYANG,5024,6316,11340
RENGAT,13895,7258,21153
SUNGAI LALA,2980,3760,6740
KOTO KAMPAR HULU,6013,3739,9752
BANTAN,6261,12783,19044
SIBERIDA,9303,12380,21683
SIAK KECIL,4122,6616,10738
PULAU BURUNG,3662,6237,9899
TELUK BELENGKONG,1831,4209,6040
PELANGIRAN,7530,10750,18280
RUPAT UTARA,2010,4412,6422
ENOK,5876,9762,15638
TEMBILAHAN,16782,15154,31936
TEMBILAHAN HULU,8262,9519,17781
RETEH,6818,11872,18690
KEMUNING,5547,9778,15325
RUPAT,4639,10921,15560
PINGGIR,12781,29362,42143
BANDAR SEI KIJANG,3431,4035,7466
KUALA KAMPAR,2199,5971,8170
GAUNG ANAK SERKA,3727,5167,8894
GAUNG,3890,10251,14141
UKUI,6226,11287,17513
SUNGAI BATANG,1866,3041,4907
KEMPAS,7234,9230,16464
CONCONG,1902,2585,4487
KATEMAN,6148,11228,17376
LANGGAM,4440,6402,10842
MANDAH,6031,9066,15097
KUALA INDRAGIRI,2120,3762,5882
BATANG TUAKA,5321,4658,9979
TANAH MERAH,4265,6252,10517
KERITANG,8712,19039,27751
PANGKALAN LESUNG,5190,7422,12612
TEMPULING,6121,7074,13195
BANDAR PETALANGAN,3584,4257,7841
UJUNG BATU,10220,8410,18630
PELALAWAN,2747,3972,6719
KABUN,5662,6036,11698
TELUK MERANTI,2956,4559,7515
RAMBAH HILIR,10506,9196,19702
TANDUN,6095,7593,13688
PANGKALAN KURAS,9447,13425,22872
KEPENUHAN HULU,4936,3645,8581
BUNUT,2619,3288,5907
BANGUN PURBA,4772,4503,9275
KERUMUTAN,6079,5294,11373
TAMBUSAI,9690,15701,25391
RAMBAH,16335,5770,22105
BONAI DARUSSALAM,4331,7374,11705
KUNTO DARUSSALAM,9138,9687,18825
BATU HAMPAR,1519,2243,3762
SIMPANG KANAN,5009,7837,12846
PANGKALAN KERINCI,18025,15584,33609
TANAH PUTIH TANJUNG MELAWAN,3084,3173,6257
RANTAU KOPAR,1853,1322,3175
PAGARAN TAPAH DARUSSALAM,2472,2610,5082
TAMBUSAI UTARA,10511,27182,37693
PEKAITAN,1990,6877,8867
PENDALIAN IV KOTO,3029,3031,6060
TANAH PUTIH,11955,14995,26950
KUBU BABUSSALAM,3401,6403,9804
RAMBAH SAMO,8552,7015,15567
KEPENUHAN,6899,3528,10427
ROKAN IV KOTO,6808,4731,11539
BAGAN SINEMBAH,28025,36760,64785
BANGKO,19000,18967,37967
PASIR LIMAU KAPAS,4920,10135,15055
KUBU,3811,6624,10435
SABAK AUH,2828,2668,5496
SINABOI,2307,4039,6346
RIMBA MELINTANG,6396,10380,16776
BUNGA RAYA,5464,6569,12033
MINAS,5636,5502,11138
BANGKO PUSAKO,8998,17643,26641
SUNGAI APIT,5613,7568,13181
PUJUD,11948,22239,34187
HULU KUANTAN,1913,1913,3826
KUANTAN HILIR SEBERANG,2058,4193,6251
KUANTAN MUDIK,6920,4427,11347
KANDIS,9204,18538,27742
MEMPURA,4380,2374,6754
PUSAKO,1768,1188,2956
LOGAS TANAH DARAT,4216,6376,10592
SIAK,6738,4063,10801
KERINCI KANAN,4978,6490,11468
CERENTI,3551,3203,6754
GUNUNGTOAR,4098,2314,6412
INUMAN,2407,4376,6783
PANGEAN,4788,4219,9007
KOTO GASIB,4646,3688,8334
RANGSANG BARAT,3045,5253,8298
SUNGAI MANDAU,2029,1366,3395
DAYUN,5753,7306,13059
LUBUK DALAM,3304,5382,8686
SINGINGI HILIR,7107,10333,17440
SENTAJO RAYA,7298,7780,15078
TEBING TINGGI,11280,14905,26185
BENAI,4613,3492,8105
TUALANG,27533,17667,45200
SUKAJADI,14226,6524,20750
TAMPAN,46591,16585,63176
MERBAU,2319,4747,7066
TENAYAN RAYA,35014,20133,55147
KUANTAN HILIR,3500,3617,7117
RANGSANG,2581,6100,8681
SAIL,7270,2552,9822
SINGINGI,6743,7972,14715
TASIK PUTRI PUYU,2003,5523,7526
PUCUK RANTAU,1783,2715,4498
KUANTAN TENGAH,13599,9329,22928
TEBING TINGGI BARAT,2888,4905,7793
BUKIT RAYA,30135,10460,40595
SENAPELAN,10511,6906,17417
RUMBAI,16179,11664,27843
PEKANBARU KOTA,8588,2758,11346
RANGSANG PESISIR,2067,5108,7175
MARPOYAN DAMAI,37088,15061,52149
PULAUMERBAU,1839,4562,6401
DUMAI KOTA,10345,9291,19636
TEBING TINGGI TIMUR,1589,4186,5775
PAYUNG SEKAKI,21464,18553,40017
SUNGAI SEMBILAN,3944,10744,14688
RUMBAI PESISIR,24020,8242,32262
LIMA PULUH,10507,9741,20248
AIR HANGAT TIMUR,9624,1622,11246
DUMAI SELATAN,12695,9708,22403
BUKIT KAPUR,7090,10694,17784
GUNUNG RAYA,3254,1511,4765
DUMAI BARAT,8634,8526,17160
BUKITKERMAN,5591,1449,7040
KAYU ARO,6688,5817,12505
DUMAI TIMUR,12643,13952,26595
AIR HANGAT,7685,1189,8874
GUNUNG TUJUH,4804,2826,7630
SIULAK MUKAI,1703,4138,5841
MEDANG KAMPAI,2160,2569,4729
AIR HANGAT BARAT,5517,1260,6777
KAYU ARO BARAT,7380,5302,12682
JANGKAT,3823,2325,6148
PANGKALAN JAMBU,2766,1141,3907
GUNUNG KERINCI,5439,1921,7360
SUNGAI TENANG,3572,1763,5335
SITINJAU LAUT,7094,1363,8457
TABIR LINTAS,1732,2476,4208
SIULAK,9457,3211,12668
RENAH PEMBARAP,4952,2115,7067
DEPATI TUJUH,9411,1087,10498
BATANG MERANGIN,2744,1946,4690
BANGKO,15527,9014,24541
MARGO TABIR,3521,3851,7372
KELILING DANAU,11353,2450,13803
PAMENANG SELATAN,2785,2787,5572
DANAU KERINCI,6905,1588,8493
PAMENANG BARAT,3843,5362,9205
TABIR,7757,7323,15080
TABIR ILIR,1901,3670,5571
TABIR BARAT,3337,2746,6083
TABIR TIMUR,1467,3009,4476
PAMENANG,7719,10204,17923
MANDIANGIN,5970,12813,18783
TIANG PUMPUNG,1540,1256,2796
TABIR SELATAN,6435,9787,16222
SUNGAI MANAU,4176,1322,5498
BATANG MASUMAI,3954,1444,5398
AIR HITAM,4078,8358,12436
SAROLANGUN,17727,9566,27293
RENAH PAMENANG,3617,4819,8436
PAUH,3769,8414,12183
SINGKUT,8310,12660,20970
PELAWAN,7793,8655,16448
MUARA TEMBESI,7589,7721,15310
BATANG ASAI,4821,3849,8670
LEMBAH MASURAI,4810,6224,11034
MUARA SIAU,2103,2841,4944
BANGKO  BARAT,2571,3643,6214
NALO TATAN,3176,3784,6960
BATHIN VIII,7002,4897,11899
CERMIN NAN GEDANG,3543,2448,5991
BAJUBANG,6693,12232,18925
TABIR ULU,1889,2501,4390
JAMBI LUAR KOTA,17456,15204,32660
PEMAYUNG,8011,8427,16438
MUARA BULIAN,17517,13529,31046
MARO SEBO ULU,5077,9527,14604
MARO SEBO ILIR,3539,3928,7467
BAHAR UTARA,2705,4563,7268
KUMPEH,5559,6227,11786
BATIN XXIV,4564,9778,14342
TAMAN RAJO,3570,3016,6586
MUARA PAPALIK,2234,3363,5597
MERSAM,6751,7857,14608
LIMUN,5585,4783,10368
MESTONG,7528,13695,21223
KUMPEH ULU,11373,14702,26075
TUNGKAL ULU,2737,4201,6938
TUNGKAL ILIR,16516,15705,32221
SUNGAI GELAM,10668,23702,34370
SUNGAI BAHAR,5289,8710,13999
BETARA,4117,7705,11822
RENAH MENDALUH,2281,3957,6238
SEKERNAN,8551,13151,21702
BAHAR SELATAN,3414,5524,8938
BRAM ITAM,3788,4532,8320
MARO SEBO,5282,5638,10920
TEBING TINGGI,8607,6973,15580
BATANG ASAM,4154,9031,13185
MERLUNG,3325,4559,7884
GERAGAI,4448,8985,13433
SEBERANG KOTA,1896,2316,4212
KUALA BETARA,3531,3124,6655
BERBAK,2056,2864,4920
MUARA SABAK BARAT,3610,5136,8746
MENDAHARA,5514,8133,13647
BATHIN III ULU,1919,2437,4356
SENYERANG,5288,6593,11881
TANAH TUMBUH,3162,5439,8601
DENDANG,3014,6001,9015
RIMBO TENGAH,7962,4803,12765
PENGABUAN,5332,7031,12363
KUALA JAMBI,3044,4451,7495
BATHIN II PELAYANG,888,3187,4075
MUARA SABAK TIMUR,5789,11453,17242
RANTAU RASAU,4989,7801,12790
MENDAHARA ULU,2975,5247,8222
JUJUHAN,4596,4038,8634
PELEPAT,6234,10849,17083
TANAH SEPENGGAL LINTAS,5988,7546,13534
S A D U,3519,4079,7598
NIPAH PANJANG,5961,7281,13242
BUNGO DANI,8162,4587,12749
TEBO TENGAH,9219,9931,19150
TANAH SEPENGGAL,5289,7291,12580
BATHIN III,6653,4369,11022
PELEPAT ILIR,11089,15057,26146
LIMBUR LUBUK MENGKUANG,8303,1842,10145
PASAR MUARO BUNGO,7609,3796,11405
RANTAU PANDAN,2998,2670,5668
BATIN II BABEKO,2382,3401,5783
VII KOTO,3587,6576,10163
RIMBO ULU,7310,14933,22243
TELANAIPURA,29777,20088,49865
PASAR JAMBI,3149,3502,6651
MUARA TABIR,2795,5570,8365
JUJUHAN ILIR,2762,3306,6068
TENGAH ILIR,3432,9269,12701
VII KOTO ILIR,2210,5414,7624
RIMBO BUJANG,14800,20051,34851
SUMAY,2946,7022,9968
TEBO ILIR,6215,8066,14281
TEBO ULU,6341,9787,16128
SUNGAIPENUH,3731,1303,5034
JAMBI SELATAN,33531,35684,69215
SUNGAIBUNGKAL,3837,1278,5115
JAMBI TIMUR,19590,24911,44501
SERAI SERUMPUN,1502,3127,4629
KOTO BARU,3139,694,3833
RIMBO ILIR,5815,8805,14620
KOTA BARU,43981,37230,81211
JELUTUNG,16369,16868,33237
KUMUN DEBAI,3362,1858,5220
PELAYANGAN,4581,2503,7084
LENGKITI,7282,4320,11602
DANAU TELUK,4582,2183,6765
SOSOH BUAY RAYAP,3951,2281,6232
TANAH KAMPUNG,3185,1254,4439
BATURAJA BARAT,11318,7105,18423
MUARA JAYA,2288,664,2952
SEMIDANG AJI,7504,3824,11328
PESISIR BUKIT,5100,1055,6155
TELUK GELAM,0,0,0
PONDOK TINGGI,6970,1819,8789
LUBUK BATANG,9919,5519,15438
HAMPARAN RAWANG,7057,1294,8351
ULU OGAN,3309,770,4079
SINAR PENINJAUAN,6014,6294,12308
LEMPUING,0,0,0
PENGANDONAN,3286,1327,4613
PENINJAUAN,13074,9287,22361
AIR SUGIHAN,0,0,0
BATURAJA TIMUR,30403,16271,46674
LUBUK RAJA,10299,6810,17109
PAMPANGAN,0,0,0
MESUJI RAYA,0,0,0
LEMPUING JAYA,0,0,0
PANGKALAN LAMPAM,0,0,0
CENGAL,0,0,0
TULUNG SELAPAN,0,0,0
TANJUNG LUBUK,0,0,0
RAMBANG,0,0,0
JEJAWI,0,0,0
MESUJI MAKMUR,0,0,0
KELEKAR,0,0,0
SUNGAI MENANG,0,0,0
PEDAMARAN,0,0,0
LEMBAK,0,0,0
MUARA BELIDA,0,0,0
MESUJI,0,0,0
KAYU AGUNG,0,0,0
SIRAH PULAU PADANG,0,0,0
BENAKAT,0,0,0
LUBAI,0,0,0
BELINDA DARAT,0,0,0
PENUKAL UTARA,0,0,0
RAMBANG DANGKU,0,0,0
MUARA ENIM,0,0,0
TANJUNG AGUNG,0,0,0
PEDAMARAN TIMUR,0,0,0
BELIMBING,0,0,0
SUNGAI ROTAN,0,0,0
TANAH ABANG,0,0,0
ABAB,0,0,0
PSEKSU,2205,2101,4306
GELUMBANG,0,0,0
GUMAY ULU,1392,1521,2913
GUMAY TALANG,2223,2681,4904
GUNUNG MEGANG,0,0,0
SEMENDE DARAT TENGAH,0,0,0
TANJUNGSAKTI PUMU,4650,1857,6507
UJAN MAS,0,0,0
TALANG UBI,0,0,0
PENUKAL,0,0,0
LUBAI ULU,0,0,0
KIKIM BARAT,3623,5080,8703
LAWANG KIDUL,0,0,0
SEMENDE DARAT LAUT,0,0,0
SEMENDE DARAT ULU,0,0,0
MERAPI SELATAN,0,0,0
JARAI,6312,4403,10715
PULAUPINANG,0,0,0
KOTA AGUNG,4424,2410,6834
SUKAMERINDU,3258,1350,4608
PAGAR GUNUNG,4380,2913,7293
MERAPI BARAT,6809,4981,11790
MERAPI TIMUR,5860,5925,11785
KARANG JAYA,0,0,0
TANJUNG SAKTI PUMI,5158,2292,7450
TIANG PUMPUNG KEPUNGUT,0,0,0
MUARAPAYANG,1834,2404,4238
KARANG DAPO,0,0,0
TUAH NEGERI,0,0,0
TANJUNGTEBAT,3326,1483,4809
NIBUNG,0,0,0
LAHAT,0,0,0
KIKIM SELATAN,3471,4007,7478
KIKIM TENGAH,2227,2370,4597
RAWAS ILIR,0,0,0
PURWODADI,0,0,0
RUPIT,0,0,0
KIKIM TIMUR,7048,8516,15564
TUGUMULYO,0,0,0
PAJAR BULAN,4695,2141,6836
MULAK ULU,7665,2443,10108
SELANGIT,0,0,0
SEKAYU,20267,17999,38266
SUMBER HARTA,0,0,0
STL ULU TERAWAS,0,0,0
SUNGAI LILIN,0,0,0
LALAN,0,0,0
MEGANG SAKTI,0,0,0
SUKA KARYA,0,0,0
RAWAS ULU,0,0,0
TUNGKAL JAYA,0,0,0
MUARA BELITI,0,0,0
MUARA KELINGI,0,0,0
JAYALOKA,0,0,0
MUARA LAKITAN,0,0,0
LAWANG WETAN,4725,6979,11704
BABAT SUPAT,0,0,0
ULU RAWAS,0,0,0
KELUANG,7653,9078,16731
SEMBAWA,10371,6633,17004
PLAKAT TINGGI,0,0,0
SUMBER MARGA TELANG,5701,6002,11703
BABAT TOMAN,6874,9482,16356
BAYUNG LENCIR,0,0,0
MUARA SUGIHAN,8365,14268,22633
SANGA DESA,0,0,0
BATANG HARI LEKO,0,0,0
BANYUASIN I,14114,13552,27666
TANJUNG LAGO,7175,12596,19771
MAKARTI JAYA,5696,8327,14023
SUAK TAPEH,6057,3414,9471
LAIS,0,0,0
SUNGAI KERUH,0,0,0
TALANG KELAPA,32924,30737,63661
TUNGKAL ILIR,6315,8380,14695
AIR SALEK,5476,13113,18589
RAMBUTAN,11080,10913,21993
BANYUASIN III,19371,14466,33837
JAYAPURA,3653,4309,7962
MUARA PADANG,5059,10856,15915
MUARA TELANG,8231,12020,20251
BELITANG MADANG RAYA,15858,8806,24664
SEMENDAWAI BARAT,6071,4489,10560
MADANG SUKU III,7916,6924,14840
BETUNG,13961,12304,26265
BELITANG JAYA,5685,6716,12401
BELITANG MULYA,7336,5088,12424
MARTAPURA,18924,8413,27337
BUAY MADANG,16800,5633,22433
AIR KUMBANG,4359,8278,12637
RANTAU BAYUR,11553,10119,21672
BUAY PEMUKA PELIUNG,12516,7643,20159
PULAU RIMAU,7831,14483,22314
SEMENDAWAI TIMUR,8709,11847,20556
BELITANG,20440,10959,31399
BANYUASIN II,6299,13648,19947
BELITANG III,11159,10420,21579
BUAY MADANG TIMUR,25069,10296,35365
BUNGA MAYANG,5155,3579,8734
MUARA DUA,0,0,0
MADANG SUKU I,12164,8339,20503
BUANA PEMACA,3712,2744,6456
SINDANG DANAU,4075,1615,5690
SEMENDAWAI SUKU III,11753,10914,22667
BELITANG II,11681,13684,25365
MADANG SUKU II,11062,6549,17611
WARKUK RANAU SELATAN,6058,5819,11877
TIGA DIHAJI,3396,1930,5326
CEMPAKA,8171,5818,13989
BUAY PEMUKA BANGSA RAJA,5242,1877,7119
BUAY SANDANG AJI,5879,3163,9042
BUAY RUNJUNG,3940,2317,6257
BUAY RAWAN,4132,3158,7290
RAMBANG KUANG,0,0,0
LUBUK KELIAT,0,0,0
KISAM TINGGI,7281,3865,11146
BUAY PEMACA,10388,11000,21388
SUNGAI ARE,3608,2317,5925
BANDING AGUNG,6327,5185,11512
PULAU BERINGIN,8505,5917,14422
KISAM ILIR,2621,1505,4126
BUAY PEMATANG RIBU RANAU TENGAH,6485,5499,11984
PEMULUTAN SELATAN,0,0,0
RUNJUNG AGUNG,4181,2091,6272
SIMPANG,3537,3024,6561
MUARA DUA KISAM,6595,2837,9432
RANTAU PANJANG,0,0,0
SUNGAI PINANG,0,0,0
PEMULUTAN BARAT,0,0,0
MEKAKAU ILIR,6229,4923,11152
MUARA KUANG,0,0,0
RANTAU ALAI,0,0,0
INDRALAYA UTARA,0,0,0
KANDIS,0,0,0
INDRALAYA SELATAN,5797,5465,11262
LINTANG KANAN,0,0,0
TEBING TINGGI,0,0,0
PEMULUTAN,0,0,0
PENDOPO BARAT,0,0,0
SALING,0,0,0
MUARA PINANG,0,0,0
TALANG PADANG,0,0,0
PLAJU,24482,21746,46228
KERTAPATI,23192,20737,43929
TANJUNG BATU,13131,10764,23895
TANJUNG RAJA,0,0,0
PAYARAMAN,0,0,0
KEMUNING,22231,20596,42827
SIKAP DALAM,0,0,0
ULU MUSI,0,0,0
INDRALAYA,10312,8945,19257
ILIR TIMUR I,14921,23998,38919
BUKIT KECIL,11929,9431,21360
GANDUS,17009,13804,30813
PASEMAH AIR KERUH,0,0,0
SAKO,0,0,0
PENDOPO,0,0,0
ILIR BARAT II,0,0,0
KALIDONI,0,0,0
DEMPO TENGAH,3982,3741,7723
ILIR BARAT I,37846,30192,68038
LUBUK LINGGAU SELATAN I,4140,3578,7718
ILIR TIMUR II,44260,41162,85422
SEBERANG ULU II,25990,22029,48019
PAGAR ALAM UTARA,10883,9697,20580
DEMPO UTARA,0,0,0
SUKARAMI,37593,36794,74387
LUBUK LINGGAU TIMUR I,9128,5781,14909
LUBUK LINGGAU UTARA II,8457,8323,16780
PAGAR ALAM SELATAN,12743,11880,24623
LUBUK LINGGAU TIMUR II,7461,8773,16234
SEBERANG ULU I,43087,40138,83225
PRABUMULIH SELATAN,0,0,0
SEMATANG BORANG,10095,9480,19575
KEDURANG ILIR,1163,2962,4125
KEDURANG,2269,3389,5658
RAMBANG KPK TENGAH,0,0,0
LUBUK LINGGAU UTARA I,3219,5172,8391
LUBUK LINGGAU SELATAN II,8213,6481,14694
MANNA,3045,3989,7034
ULU MANNA,1549,2612,4161
DEMPO SELATAN,0,0,0
PINO RAYA,2893,6548,9441
KOTA MANNA,7696,6787,14483
LUBUK LINGGAU BARAT I,9041,6624,15665
PRABUMULIH BARAT,0,0,0
PASAR MANNA,5237,3726,8963
PRABUMULIH UTARA,0,0,0
LUBUK LINGGAU BARAT II,6145,5141,11286
PRABUMULIH TIMUR,0,0,0
SEGINIM,2195,5529,7724
PINO,2357,3805,6162
KOTA PADANG,2936,2311,5247
SINDANG BELITI ILIR,2523,1889,4412
CAMBAI,0,0,0
BUNGA MAS,1175,2145,3320
AIR NIPIS,1575,3472,5047
ULOK KUPAI,2321,3735,6056
CURUP TENGAH,10518,6393,16911
CURUP SELATAN,6994,3052,10046
SINDANG BELITI ULU,3196,2775,5971
SINDANG DATARAN,2372,3168,5540
ARMA JAYA,2495,3498,5993
CURUP TIMUR,6122,4478,10600
BERMANI ULU,3445,3253,6698
BINDURIANG,2024,2934,4958
BERMANI ULU RAYA,2640,3001,5641
ENGGANO,353,1119,1472
AIR PADANG,1053,2189,3242
NAPAL PUTIH,1468,2589,4057
PADANG ULAK TANDING,4389,5104,9493
CURUP UTARA,4986,3406,8392
KERKAP,2733,3738,6471
AIR BESI,1836,3124,4960
KETAHUN,7423,16588,24011
CURUP,9087,5179,14266
GIRI MULYA,2545,6080,8625
HULU PALIK,2153,3535,5688
AIR NAPAL,2130,3141,5271
TETAP,1648,2213,3861
SELUPU REJANG,8279,7672,15951
LAIS,2630,4121,6751
KINAL,1295,1452,2747
SINDANG KELINGI,3968,4448,8416
PADANG JAYA,6005,10204,16209
LUAS,1594,1476,3070
KAUR SELATAN,4352,4152,8504
BATIK NAU,1904,5531,7435
LUNGKANG KULE,848,884,1732
PADANG GUCI HILIR,774,1176,1950
ARGA MAKMUR,10570,9445,20015
NASAL,2242,5688,7930
TANJUNG KEMUNING,2047,3866,5913
PUTRI HIJAU,6189,14071,20260
SEMIDANG GUMAY,1509,1902,3411
SELUMA TIMUR,2398,2652,5050
TANJUNGAGUNG PALIK,1617,2626,4243
AIR PERIUKAN,3396,8103,11499
SELUMA UTARA,3101,2237,5338
PADANG GUCI HULU,1630,1486,3116
KAUR TENGAH,1791,1031,2822
ULU TALO,1116,2004,3120
TALO,3001,2607,5608
SELUMA,2107,2253,4360
LUBUK SANDI,2958,3066,6024
TALO KECIL,1975,2843,4818
MUARA SAHUNG,1405,2251,3656
SELUMA BARAT,1653,3074,4727
MAJE,2040,5192,7232
SELUMA SELATAN,2511,3843,6354
SEMIDANG ALAS,2385,4503,6888
KELAM TENGAH,1477,1930,3407
SUKARAJA,5255,11794,17049
AIR DIKIT,1341,1969,3310
SEMIDANG ALAS MARAS,4585,6452,11037
KAUR UTARA,1593,1757,3350
ILIR TALO,3446,4100,7546
RIMBO PENGADANG,1015,1395,2410
MALIN DEMAN,1470,1569,3039
PENARIK,3657,8469,12126
V KOTO,1560,1682,3242
AIR MAJUNTO,1735,4048,5783
LUBUK PINANG,2938,3605,6543
SUNGAI RUMBAI,1409,2936,4345
PONDOK SUGUH,2448,2910,5358
LEBONG ATAS,1292,3201,4493
AMEN,1926,2189,4115
IPUH,4599,3303,7902
TERAMANG JAYA,2115,3210,5325
AIR RAMI,2532,3746,6278
SELAGAN RAYA,1587,2072,3659
BERMANI ILIR,4707,3749,8456
LEBONG SAKTI,2144,2533,4677
XIV KOTO,2269,3886,6155
PELABAI,1106,1841,2947
TERAS TERUNJAM,1292,2426,3718
KOTA MUKOMUKO,4087,3800,7887
MERIGI,3112,2074,5186
LEBONG SELATAN,2948,4071,7019
TOPOS,2179,1273,3452
BINGIN KUNING,2134,3030,5164
MUARA KEMUMU,7875,4840,12715
LEBONG UTARA,3685,4223,7908
URAM JAYA,1497,1342,2839
UJAN MAS,5854,4247,10101
LEBONG TENGAH,2062,2699,4761
KEBAWETAN,2751,4037,6788
PINANG BELAPIS,947,1572,2519
SEBERANG MUSI,1848,2038,3886
GADING CEMPAKA,11391,9534,20925
SELEBAR,13191,14343,27534
KEPAHIANG,11782,8776,20558
TEBAT KARAI,3908,2894,6802
PONDOK KELAPA,6299,9254,15553
TABA PENANJUNG,3001,3085,6086
BANG HAJI,1321,1839,3160
PONDOK KUBANG,1887,3093,4980
PEMATANG TIGA,1688,2119,3807
KARANG TINGGI,3222,4033,7255
MERIGI KELINDANG,1939,1992,3931
SUNGAI SERUT,5649,5477,11126
MERIGI SAKTI,1680,1577,3257
RATU AGUNG,13362,12179,25541
KAMPUNG MELAYU,5941,10124,16065
RATU SAMBAN,6364,5628,11992
KETAPANG,9411,16970,26381
SINGARAN PATI,9676,10109,19785
MUARA BANGKA HULU,8978,9713,18691
CANDIPURO,10428,17781,28209
PAGAR JATI,2139,1495,3634
TALANG EMPAT,2864,5044,7908
TELUK SEGARA,6580,6028,12608
SIDOMULYO,13677,17155,30832
TANJUNG BINTANG,18312,21523,39835
KATIBUNG,14360,19665,34025
NATAR,47475,48609,96084
KALIANDA,27326,18077,45403
PALAS,11593,18557,30150
TANJUNG SARI,5253,11441,16694
RAJA BASA,6766,5739,12505
KALIREJO,0,0,0
SRAGI,6015,10701,16716
BAKAUHENI,4849,6914,11763
WAY SULAN,5586,5523,11109
JATI AGUNG,23310,39079,62389
PUBIAN,0,0,0
MERBAU MATARAM,11085,15336,26421
KOTA GAJAH,0,0,0
BUMI NABUNG,6403,11524,17927
WAY SEPUTIH,4372,5452,9824
WAY PANJI,3043,6742,9785
WAY PANGUBUAN,0,0,0
BANGUN REJO,13338,17207,30545
SEPUTIH AGUNG,0,0,0
SELAGAI LINGGA,6962,10519,17481
PENENGAHAN,12876,8009,20885
ANAK TUHA,9261,10591,19852
BUMI RATU NUBAN,0,0,0
BEKRI,5992,7848,13840
SENDANG AGUNG,7971,11593,19564
BANDAR MATARAM,0,0,0
TRIMURJO,14700,15086,29786
PUTRA RUMBIA,2984,7564,10548
TERUSAN NUNYAI,16298,8448,24746
BANDAR SURABAYA,0,0,0
ANAK RATU AJI,4765,4801,9566
SEPUTIH SURABAYA,0,0,0
PUNGGUR,10383,10495,20878
TERBANGGI BESAR,30702,28699,59401
SEPUTIH RAMAN,11382,15761,27143
PADANG RATU,11954,14615,26569
BUKIT KEMUNING,12022,8881,20903
SUNGKAI BARAT,3889,1979,5868
GUNUNG SUGIH,21134,15244,36378
SEPUTIH BANYAK,10431,15373,25804
SUNGKAI TENGAH,3722,4817,8539
BUNGA MAYANG,9289,9801,19090
RUMBIA,0,0,0
ABUNG SURAKARTA,7638,7672,15310
MUARA SUNGKAI,4600,3659,8259
SEPUTIH MATARAM,0,0,0
SUNGKAI JAYA,2863,1477,4340
ABUNG TENGAH,4872,4274,9146
ABUNG BARAT,6751,3720,10471
ABUNG SELATAN,13790,12211,26001
HULU SUNGKAI,4298,3246,7544
ABUNG TIMUR,10640,9879,20519
ABUNG KUNANG,3602,1725,5327
KOTABUMI SELATAN,23409,10075,33484
ABUNG TINGGI,6167,2888,9055
KOTABUMI UTARA,8436,9019,17455
BANGKUNAT BELIMBING,6748,7624,14372
SUNGKAI SELATAN,7158,4587,11745
ABUNG PEKURUN,3630,2241,5871
TANJUNG RAJA,10734,6405,17139
AIR HITAM,1855,5112,6967
LUMBOK SEMINUNG,1344,2767,4111
ABUNG SEMULI,6774,6828,13602
SUNGKAI UTARA,9410,8598,18008
KEBUN TEBU,3788,6998,10786
KOTABUMI,17105,9815,26920
KRUI SELATAN,1876,2190,4066
BANDAR NEGERI SUOH,3554,12461,16015
PESISIR SELATAN,4192,7113,11305
NGAMBUR,2966,6534,9500
BALIK BUKIT,9850,9071,18921
PESISIR UTARA,2334,1998,4332
PESISIR TENGAH,4901,3958,8859
WAY TENONG,8031,7973,16004
BLAMBANGAN PAGAR,5002,5087,10089
BELALAU,3214,4594,7808
KARYA PENGGAWA,2485,3268,5753
GEDUNG SURIAN,3284,6243,9527
BENGKUNAT,1693,2637,4330
PAGAR DEWA,4442,7097,11539
WAY KRUI,2098,2040,4138
SUOH,2539,8688,11227
BATU BRAK,4509,3365,7874
GEDUNG AJI BARU,5159,5937,11096
SUKAU,5589,6182,11771
LEMONG,2804,4201,7005
BANJAR BARU,4256,3655,7911
PENAWAR AJI,2945,6682,9627
SUMBER JAYA,5894,6786,12680
BATU KETULIS,3145,4511,7656
RAWA JITU SELATAN,7308,8111,15419
MENGGALA,13801,8094,21895
DENTE TELADAS,11203,16059,27262
PULAUPISANG,420,483,903
SEKINCAU,4000,6367,10367
KOTA AGUNG BARAT,7870,2479,10349
RAWA PITU,3671,5030,8701
BANJAR MARGO,6913,11789,18702
BANDAR NEGERI SEMUONG,4143,2959,7102
MERAKSA AJI,2683,4573,7256
KOTA AGUNG TIMUR,5999,3851,9850
GEDUNG MENENG,12145,8936,21081
MENGGALA TIMUR,4136,4044,8180
LIMAU,5774,5649,11423
GEDUNG AJI,2963,4177,7140
RAWA JITU TIMUR,3723,3535,7258
PENAWAR TAMA,5193,10065,15258
GISTING,11552,10386,21938
BANJAR AGUNG,9065,11866,20931
KOTA AGUNG,13219,8682,21901
ULU BELU,8822,15824,24646
KLUMBAYAN,3312,3053,6365
KLUMBAYAN BARAT,2504,4011,6515
AIR NANINGAN,6446,9399,15845
BULOK,5741,5552,11293
PEMATANG SAWA,4187,5017,9204
BUMI AGUNG,4028,6537,10565
PUGUNG,17210,12849,30059
SUKADANA,16048,20971,37019
GUNUNG ALIP,7502,2452,9954
TALANG PADANG,15246,8169,23415
WAWAY KARYA,7262,11813,19075
CUKUH BALAK,6671,5921,12592
GUNUNG PELINDUNG,5656,4853,10509
PASIR SAKTI,7267,11532,18799
LABUHAN RATU,9509,14686,24195
WONOSOBO,9505,8407,17912
WAY BUNGUR,6184,6650,12834
SEMAKA,9700,10814,20514
SUMBER REJO,7162,11835,18997
BRAJA SELEBAH,4243,7450,11693
PULAU PANGGUNG,10590,8366,18956
RAMAN UTARA,8379,13592,21971
MELINTING,7092,6258,13350
MARGA TIGA,9349,15063,24412
BANDAR SRIBHAWONO,8520,16946,25466
PURBOLINGGO,11947,12203,24150
METRO KIBANG,3696,8757,12453
JABUNG,14974,11938,26912
MATARAM BARU,7243,6867,14110
SEKAMPUNG,13038,22103,35141
BATANGHARI NUBAN,13191,11497,24688
LABUHAN MARINGGAI,15344,17773,33117
WAY JEPARA,11540,16469,28009
REBANG TANGKAS,4776,6773,11549
PEKALONGAN,12982,14914,27896
PAKUAN RATU,8196,15577,23773
MARGA SEKAMPUNG,5634,9094,14728
SEKAMPUNG UDIK,12570,25441,38011
BATANGHARI,14832,17860,32692
WAY TUBA,6969,5816,12785
NEGERI AGUNG,8245,12719,20964
BUAY BAHUGA,6544,4884,11428
NEGERI BESAR,3560,7351,10911
BUMI AGUNG,7544,7178,14722
PUNDUH PIDADA,3152,4742,7894
BLAMBANGAN UMPU,15627,17377,33004
NEGARA BATIN,6849,12418,19267
BANJIT,10766,14072,24838
KASUI,8025,8924,16949
BARADATU,10836,10975,21811
GUNUNG LABUHAN,7220,7314,14534
PAGELARAN,14214,12974,27188
KEDONDONG,9382,8520,17902
MARGA PUNDUH,3949,4188,8137
BAHUGA,2582,3552,6134
TEGINENENG,12054,18464,30518
PARDASUKA,9227,9407,18634
GADING REJO,21132,21505,42637
AMBARAWA,8945,10042,18987
WAY LIMA,12499,8331,20830
NEGERI KATON,16088,19953,36041
SUKOHARJO,12013,12248,24261
GEDONG TATAAN,29078,23615,52693
PADANG CERMIN,18576,29941,48517
BANYUMAS,5070,5724,10794
ADILUWIH,8304,10223,18527
WAY KHILAU,8782,5561,14343
SIMPANG PEMATANG,8152,5796,13948
MESUJI TIMUR,6093,11419,17512
MESUJI,3073,6557,9630
PANCA JAYA,3828,5505,9333
PAGAR DEWA,1567,1846,3413
TANJUNG RAYA,9256,11694,20950
PRINGSEWU,20392,23527,43919
WAY KENANGA,3948,7789,11737
LABUHAN RATU,12448,9195,21643
TULANG BAWANG TENGAH,23535,22445,45980
RAWA JITU UTARA,6025,7080,13105
GUNUNG TERANG,6907,11290,18197
GUNUNG AGUNG,6252,11866,18118
WAY SERDANG,8697,14530,23227
RAJABASA,12873,8524,21397
ENGGAL,7080,6082,13162
PAGELARAN UTARA,3380,4025,7405
TUMIJAJAR,12035,12019,24054
TULANG BAWANG UDIK,9087,8880,17967
SUKARAME,16429,13325,29754
KEDATON,13389,11950,25339
LAMBU KIBANG,5716,7496,13212
TANJUNG SENANG,12387,11279,23666
BUMI WARAS,9732,17938,27670
TANJUNGKARANG PUSAT,13571,11046,24617
LANGKAPURA,10345,6788,17133
TELUKBETUNG TIMUR,8894,11855,20749
KEMILING,20159,13893,34052
SUKABUMI,14930,13529,28459
TELUKBETUNG SELATAN,8678,11231,19909
METRO BARAT,7103,7004,14107
TANJUNGKARANG TIMUR,9096,9084,18180
KEDAMAIAN,11341,13007,24348
WAY HALIM,14706,16777,31483
PANJANG,13157,21583,34740
PUDING BESAR,0,0,0
PEMALI,0,0,0
TANJUNGKARANG BARAT,15070,12050,27120
BAKAM,0,0,0
METRO UTARA,6733,7972,14705
TELUKBETUNG BARAT,7144,8133,15277
MENDO BARAT,0,0,0
METRO PUSAT,13634,12560,26194
TELUKBETUNG UTARA,12096,13208,25304
LEPAR PONGOK,1035,2578,3613
AIR GEGAS,4937,10700,15637
METRO TIMUR,10099,9804,19903
TANJUNG PANDAN,0,0,0
MEMBALONG,0,0,0
RIAU SILIP,0,0,0
BADAU,0,0,0
TOBOALI,9492,20385,29877
METRO SELATAN,4363,4502,8865
BELINYU,0,0,0
SUNGAILIAT,0,0,0
MERAWANG,0,0,0
SUNGAI SELAN,3811,10194,14005
SELAT NASIK,0,0,0
SIJUK,0,0,0
PANGKALAN BARU,4402,13618,18020
SIMPANG KATIS,3609,5884,9493
KOBA,5218,10397,15615
KEPULAUAN PONGOK,432,1771,2203
PAYUNG,3945,5554,9499
SIMPANG RIMBA,2378,7674,10052
LUBUK BESAR,2621,8581,11202
MUNTOK,6764,15251,22015
SIMPANG TERITIP,3094,9840,12934
JEBUS,2873,6781,9654
KELAPA,3832,11573,15405
DENDANG,1524,3909,5433
NAMANG,2417,4033,6450
PULAUBESAR,1102,3247,4349
TUKAK SADAI,1253,4326,5579
MANGGAR,5785,12291,18076
RANGKUI,6481,9323,15804
GANTUNG,3460,9386,12846
PANGKAL BALAM,3542,5719,9261
GUNUNG KIJANG,2001,4687,6688
TEMPILANG,3330,9069,12399
PARITTIGA,2588,12202,14790
SIMPANG RENGGIANG,1199,3025,4224
DAMAR,1879,4620,6499
BINTAN UTARA,4073,5479,9552
BUKITINTAN,4901,10417,15318
MANTANG,944,1081,2025
BINTAN PESISIR,1111,2668,3779
KELAPA KAMPIT,3709,6222,9931
TAMAN SARI,4880,4680,9560
UNGAR,753,1828,2581
TELUK BINTAN,2081,3394,5475
GERUNGGANG,8347,6642,14989
SIMPANG PESAK,986,3364,4350
GABEK,5096,6291,11387
GIRIMAYA,2556,6631,9187
KUNDUR,3604,9532,13136
TEBING,4654,6377,11031
BINTAN TIMUR,8196,11772,19968
TELOK SEBONG,2606,4966,7572
MERAL BARAT,2673,3130,5803
TAMBELAN,945,1370,2315
TOAPAYA,1985,4026,6011
SERI KUALA LOBAM,3175,4220,7395
BUNGURAN SELATAN,403,940,1343
SUBI,358,964,1322
MORO,2902,6257,9159
MERAL,6103,10932,17035
KUNDUR BARAT,2488,6027,8515
KARIMUN,7212,11466,18678
PULAU TIGA,620,1661,2281
DURAI,1184,1655,2839
LINGGA,1868,3880,5748
SERASAN,824,1427,2251
BUNGURAN UTARA,445,1390,1835
BELAT,833,2161,2994
LINGGA UTARA,1757,3567,5324
SERASAN TIMUR,582,787,1369
BURU,1801,2289,4090
PULAU LAUT,162,843,1005
KUNDUR UTARA,1636,3855,5491
BUNGURAN TIMUR LAUT,717,1542,2259
JEMAJA TIMUR,299,879,1178
MIDAI,684,1734,2418
BUNGURAN TENGAH,519,1160,1679
SIANTAN SELATAN,493,1384,1877
SELAYAR,523,1168,1691
JEMAJA,813,2073,2886
SINGKEP PESISIR,636,1643,2279
SINGKEP,4141,7582,11723
BUNGURAN TIMUR,3447,6025,9472
SIANTAN,1505,3738,5243
GALANG,3555,4248,7803
SENAYANG,2671,7350,10021
SAGULUNG,33442,41770,75212
BUNGURAN BARAT,1195,3899,5094
SEI BEDUK,16320,21476,37796
SINGKEP BARAT,1711,6401,8112
SIANTAN TIMUR,407,1509,1916
BELAKANG PADANG,5232,4839,10071
BENGKONG,22084,24017,46101
LUBUK BAJA,11558,25337,36895
TANJUNG PINANG BARAT,9135,14998,24133
LINGGA TIMUR,711,1352,2063
PALMATAK,1582,4248,5830
BATAM KOTA,31612,45129,76741
SIANTAN TENGAH,369,1314,1683
BATU AMPAR,11830,15001,26831
MENTENG,24676,22392,47068
SEKUPANG,26582,24665,51247
KEPULAUAN SERIBU UTARA,4684,4977,9661
NONGSA,13019,13796,26815
BUKIT BESTARI,10354,15397,25751
BATU AJI,24713,33715,58428
TANJUNG PINANG TIMUR,15927,17881,33808
SAWAH BESAR,20833,46016,66849
BULANG,2299,3173,5472
TANJUNG PINANG KOTA,2848,6745,9593
KOJA,76160,79492,155652
KEMAYORAN,57222,70723,127945
CENGKARENG,93992,169742,263734
PADEMANGAN,25556,56042,81598
GAMBIR,20496,30787,51283
KEPULAUAN SERIBU SELATAN,2222,3112,5334
CEMPAKA PUTIH,26630,26216,52846
PAL MERAH,56840,56627,113467
SENEN,31210,33278,64488
TEBET,73056,56072,129128
TAMBORA,47244,87464,134708
PENJARINGAN,43759,114244,158003
TANJUNG PRIOK,81605,119515,201120
TAMAN SARI,22009,46806,68815
TANAH ABANG,44003,42600,86603
JOHAR BARU,33646,36654,70300
PASAR MINGGU,85216,78402,163618
KEBON JERUK,81193,94976,176169
KEBAYORAN BARU,37528,46443,83971
CILANDAK,53703,59416,113119
CILINCING,93382,93794,187176
KELAPA GADING,22434,54308,76742
MAMPANG PRAPATAN,46816,37005,83821
GROGOL PETAMBURAN,34891,89315,124206
JATINEGARA,91053,82591,173644
JAGAKARSA,93772,74947,168719
PESANGGRAHAN,60660,62202,122862
PULOGADUNG,74138,81732,155870
CIRACAS,78752,69201,147953
SETIABUDI,32339,32354,64693
KALIDERES,82413,117760,200173
CAKUNG,140363,112921,253284
KEMBANGAN,61233,79413,140646
MAKASAR,56742,51362,108104
DUREN SAWIT,117132,105800,222932
CIBINONG,107445,58743,166188
PASAR REBO,61182,45274,106456
CIJERUK,25985,11818,37803
CIPAYUNG,72928,56525,129453
CISARUA,44885,17662,62547
MEGAMENDUNG,36197,15185,51382
KRAMATJATI,84430,65653,150083
MATRAMAN,51239,45677,96916
LEUWISADENG,24764,9906,34670
CARINGIN,43721,15682,59403
PANCORAN,53147,36630,89777
KEBAYORAN LAMA,76241,84957,161198
TENJO,18445,12889,31334
PARUNG PANJANG,29093,26034,55127
NANGGUNG,27599,16992,44591
CISEENG,31951,21509,53460
CIGUDEG,33298,21573,54871
RANCA BUNGUR,17186,11940,29126
TAJURHALANG,31562,21230,52792
CIGOMBONG,31090,13430,44520
CIAWI,38803,15353,54156
CIOMAS,53243,27936,81179
CILEUNGSI,83013,39646,122659
JONGGOL,54417,16908,71325
TAMANSARI,31331,20948,52279
SUKAMAKMUR,28131,10448,38579
KLAPANUNGGAL,43103,11655,54758
GUNUNG PUTRI,96077,45519,141596
TANJUNGSARI,22245,7669,29914
DRAMAGA,33786,23243,57029
PAMIJAHAN,44937,22589,67526
GUNUNG SINDUR,30396,24732,55128
KEMANG,29337,21546,50883
CIBUNGBULANG,43046,24243,67289
SUKAJAYA,23045,11893,34938
CARIU,23549,6800,30349
KEBON PEDES,12296,3605,15901
CIAMBAR,14021,4480,18501
CICANTAYAN,22413,6537,28950
SUKARAJA,61972,28474,90446
CITEUREUP,70371,28569,98940
SUKARAJA,29368,11969,41337
TENJOLAYA,18412,11081,29493
CISAAT,49493,13342,62835
JASINGA,28354,16557,44911
PABUARAN,13497,5910,19407
PARUNG,38083,24181,62264
CIMANGGU,7518,2940,10458
GUNUNG GURUH,16696,10206,26902
BABAKAN MADANG,39316,12789,52105
BOJONG GEDE,72754,48959,121713
KADUDAMPIT,23036,4405,27441
CIAMPEA,47438,32069,79507
SUKABUMI,19933,6929,26862
RUMPIN,37497,26711,64208
LEUWILIANG,40257,17777,58034
CIREUNGHAS,11934,3966,15900
SUKALARANG,10061,7749,17810
KALIBUNDER,9238,3862,13100
CARINGIN,17089,4643,21732
TEGALBULEUD,10384,8152,18536
CIRACAP,12743,12957,25700
JAMPANG TENGAH,21654,12415,34069
GEGER BITUNG,13345,6643,19988
CIBITUNG,7843,4725,12568
CIDOLOG,5690,4355,10045
CIDADAP,5974,4702,10676
CURUG KEMBAR,8977,6652,15629
NYALINDUNG,17027,8251,25278
CIKEMBAR,30001,14115,44116
WARUNG KIARA,19109,9274,28383
SAGARANTEN,16677,9050,25727
CIKIDANG,16104,9787,25891
PARUNG KUDA,25828,9301,35129
SURADE,22275,13833,36108
CIEMAS,13933,10864,24797
PURABAYA,12734,7994,20728
CIDAHU,23638,6806,30444
LENGKONG,8482,4949,13431
SIMPENAN,16730,9556,26286
CISOLOK,17889,14646,32535
BOJONG GENTENG,14540,3557,18097
BANTAR GADUNG,10444,5410,15854
CICURUG,44985,19284,64269
TANGGEUNG,13459,8823,22282
PARAKAN SALAK,16409,4586,20995
NAGRAK,27516,15483,42999
CIKAKAK,10342,7104,17446
CIBADAK,38418,16815,55233
JAMPANG KULON,14634,6655,21289
CIBINONG,15048,15197,30245
KABANDUNGAN,11733,5710,17443
KALAPA NUNGGAL,17602,4919,22521
WALURAN,8082,5091,13173
CIPANAS,30883,20033,50916
CIKADU,7121,9959,17080
PAGELARAN,21456,13752,35208
HAURWANGI,16611,11790,28401
PELABUHAN RATU,31467,18743,50210
CIANJUR,53353,32961,86314
CIDAUN,13558,17069,30627
LELES,11169,6663,17832
WARUNGKONDANG,21282,11044,32326
TAKOKAK,11551,13525,25076
AGRABINTA,9703,9297,19000
CAMPAKAMULYA,7441,4714,12155
NARINGGUL,9805,12395,22200
GEKBRONG,13597,9585,23182
KADUPANDAK,11380,11873,23253
SINDANGBARANG,12606,13112,25718
CILAKU,30811,17588,48399
SUKALUYU,21137,13150,34287
PASIRKUDA,10868,7376,18244
SUKARESMI,23812,14344,38156
SUKANAGARA,14793,10014,24807
CIBEBER,38806,19237,58043
CIJATI,8011,7515,15526
CIRANJANG,22548,16298,38846
KERTASARI,30452,9076,39528
KARANGTENGAH,46088,21769,67857
PASEH,35816,31428,67244
BALEENDAH,82926,41624,124550
CIPARAY,62511,24786,87297
IBUN,22914,22882,45796
MAJALAYA,53547,34445,87992
CILEUNYI,59862,27140,87002
PACET,35103,18341,53444
MANDE,20692,13211,33903
CIKALONGKULON,28477,16459,44936
SOREANG,39922,21431,61353
SOLOKANJERUK,28651,18712,47363
PACET,27971,18529,46500
BOJONGPICUNG,22425,13512,35937
MARGAHAYU,35764,28405,64169
CIMENYAN,33979,26828,60807
CUGENANG,27871,20606,48477
CAMPAKA,19389,11422,30811
PASIRJAMBU,27468,19645,47113
MARGAASIH,42175,32381,74556
DAYEUHKOLOT,37072,21079,58151
CICALENGKA,44238,16492,60730
CANGKUANG,23589,16224,39813
RANCAEKEK,69199,22799,91998
RANCABALI,16601,11857,28458
KATAPANG,35809,25306,61115
ARJASARI,34134,16384,50518
PAMEUNGPEUK,30339,11092,41431
CIWIDEY,25975,18848,44823
CIKANCUNG,28918,14776,43694
NAGREG,17994,9503,27497
CILENGKRANG,17007,9743,26750
BOJONGSOANG,38930,17308,56238
PAMEUNGPEUK,16415,4952,21367
PANGALENGAN,56347,25684,82031
KUTAWARINGIN,34797,18895,53692
CIBALONG,12961,9929,22890
MEKARMUKTI,4901,3469,8370
SINGAJAYA,14071,6259,20330
BANJARAN,44649,22642,67291
CIKELET,14860,5883,20743
CIMAUNG,24421,19288,43709
SUCINARAJA,9707,4407,14114
CISEWU,13258,6407,19665
PEUNDEUY,7306,2360,9666
PAMULIHAN,6468,2753,9221
TALEGONG,9988,6735,16723
PANGATIKAN,13844,3388,17232
BANYURESMI,32595,9763,42358
CISOMPET,15431,10583,26014
PAKENJENG,22614,9327,31941
CARINGIN,9271,6273,15544
BUNGBULANG,19611,9770,29381
CIHURIP,5364,3368,8732
BANJARWANGI,18282,7485,25767
SELAAWI,13690,6021,19711
SAMARANG,27174,9363,36537
CIBIUK,9768,3975,13743
TAROGONG KALER,34797,13985,48782
KARANGTENGAH,5092,2056,7148
LELES,26191,13945,40136
BAYONGBONG,32872,13104,45976
CIBATU,25295,8170,33465
CIKAJANG,29211,11156,40367
TAROGONG KIDUL,43410,15069,58479
PASIRWANGI,25155,8343,33498
SUKARESMI,13396,4486,17882
KERSAMANAH,13528,4000,17528
MALANGBONG,40140,14810,54950
GUNUNG TANJUNG,11912,3273,15185
LEUWIGOONG,14634,6402,21036
WANARAJA,16373,6532,22905
KARANGPAWITAN,46147,17689,63836
GARUT KOTA,46288,24890,71178
SUKAWENING,18554,5816,24370
SARIWANGI,12961,3259,16220
SINGAPARNA,24243,11663,35906
SUKAHENING,9122,6232,15354
LEUWISARI,13799,5599,19398
CIGEDUG,12059,5757,17816
KADUNGORA,31164,14989,46153
MANONJAYA,25975,8483,34458
CILAWU,38972,15508,54480
RAJAPOLAH,17618,6936,24554
CIPATUJAH,19862,15457,35319
CISURUPAN,29731,17503,47234
PADAKEMBANG,13269,6229,19498
JAMANIS,12367,4476,16843
SUKARAME,15518,4767,20285
KADIPATEN,13792,3098,16890
CIGALONTANG,27924,9978,37902
PARUNGPONTENG,15518,3423,18941
KARANG JAYA,4317,3356,7673
JATIWARAS,18085,6046,24131
SUKARATU,16205,7228,23433
CIAWI,20339,10823,31162
PAGERAGEUNG,21939,6145,28084
CIBALONG,12418,6320,18738
SODONGHILIR,27537,5986,33523
MANGUNREJA,14149,5986,20135
PANCA TENGAH,18620,5382,24002
PUSPAHIANG,9132,9192,18324
TANJUNGJAYA,17264,5271,22535
CISAYONG,18425,11092,29517
BOJONGASIH,7889,2490,10379
CIKALONG,23505,10269,33774
KARANGNUNGGAL,28840,15904,44744
TARAJU,12523,7120,19643
CIKATOMAS,19550,7739,27289
SUKARAJA,19855,7461,27316
CINEAM,12674,7706,20380
BOJONGGAMBIR,14580,5705,20285
SALOPA,15122,7686,22808
PADAHERANG,15464,20394,35858
KALIPUCANG,9417,11748,21165
CULAMEGA,9884,2500,12384
BANTARKALONG,14565,4525,19090
BAREGBEG,14128,10411,24539
CIAMIS,37756,19860,57616
SINDANGKASIH,17694,9266,26960
SUKARESIK,14160,3843,18003
PARIGI,11667,16578,28245
CIGUGUR,7632,4469,12101
CIJULANG,9149,8403,17552
SIDAMULIH,6563,11076,17639
LUMBUNG,11570,4842,16412
SALAWU,22298,9920,32218
PANGANDARAN,11991,20180,32171
SUKAMANTRI,5969,4905,10874
PANUMBANGAN,17570,13589,31159
CIJEUNGJING,20137,10517,30654
CIMERAK,13281,13636,26917
CISAGA,11348,11562,22910
SADANANYA,12168,8641,20809
PAMARICAN,17606,20395,38001
PURWADADI,9277,11038,20315
LANGKAPLANCAR,13348,14281,27629
RANCAH,18807,14138,32945
PANJALU,15200,7271,22471
CIMARAGAS,4629,4943,9572
MANGUNJAYA,7900,9041,16941
PASAWAHAN,5991,6443,12434
KAWALI,15345,8295,23640
KADUGEDE,8638,6066,14704
CIKONENG,18785,11320,30105
BANJARSARI,29787,29626,59413
TAMBAKSARI,4711,9111,13822
CIHAURBEUTI,18575,7821,26396
PANAWANGAN,13025,15081,28106
CIPAKU,20747,13552,34299
SUKADANA,7465,6769,14234
CIDOLOG,6259,4978,11237
RAJADESA,18742,7839,26581
JATINAGARA,8632,5310,13942
MALEBER,13430,6444,19874
CIMAHI,5934,8582,14516
LAKBOK,10546,17619,28165
PANCALANG,6370,5577,11947
JAPARA,4781,5740,10521
CIBEUREUM,4879,5551,10430
SUBANG,7343,1763,9106
CIGUGUR,15165,11091,26256
CIWARU,8230,6220,14450
CIPICUNG,6167,6571,12738
HANTARA,3871,3643,7514
CILEBAK,3887,2589,6476
LURAGUNG,13046,9025,22071
KALIMANGGIS,5271,5278,10549
NUSAHERANG,4992,5644,10636
CIBINGBIN,9633,8669,18302
KARANG KANCANA,4947,4503,9450
SINDANG AGUNG,9800,8197,17997
DARMA,14967,9838,24805
WALED,7538,15533,23071
JALAKSANA,11950,13142,25092
GARAWANGI,11905,8335,20240
KRAMATMULYA,11438,10574,22012
CINIRU,6094,3681,9775
KUNINGAN,35885,21691,57576
CILIMUS,14394,11998,26392
MANDIRANCAN,7015,5121,12136
CIGANDAMEKAR,8070,7560,15630
SUSUKAN,11369,20285,31654
CIAWIGEBANG,22506,17356,39862
KAPETAKAN,10745,16487,27232
GEBANG,8678,22672,31350
GEGESIK,15500,18798,34298
CIWARINGIN,7755,11197,18952
SELAJAMBE,4323,3705,8028
DEPOK,11732,20515,32247
TENGAH TANI,9005,13933,22938
KLANGENAN,8728,16123,24851
LEBAKWANGI,10753,10202,20955
CIDAHU,10327,9357,19684
KEDAWUNG,14586,18019,32605
SURANENGGALA,9593,14309,23902
ARJAWINANGUN,14579,19608,34187
KALIWEDI,8168,9979,18147
GREGED,8598,11674,20272
PANGURAGAN,9007,10494,19501
PABUARAN,5536,13280,18816
PANGENAN,7001,12415,19416
GEMPOL,8811,14151,22962
CILEDUG,10078,13216,23294
GUNUNG JATI,20705,23481,44186
PABEDILAN,8678,19385,28063
LEMAHABANG,10776,14888,25664
PASALEMAN,4466,7111,11577
BEBER,8210,10023,18233
TALUN,14149,17092,31241
ASTANAJAPURA,14839,16940,31779
KARANGSEMBUNG,6493,11353,17846
SUSUKAN LEBAK,5487,12611,18098
KARANGWARENG,3734,10083,13817
DUKUPUNTANG,13604,19718,33322
LOSARI,9989,17005,26994
MUNDU,15338,21179,36517
PLERED,9317,19213,28530
SEDONG,5959,11819,17778
PANYINGKIRAN,0,0,0
BABAKAN,9756,23583,33339
PALIMANAN,12916,18582,31498
PALASAH,0,0,0
SUMBER,17921,25894,43815
WERU,14443,21069,35512
PLUMBON,15970,26697,42667
LEMAHSUGIH,0,0,0
BANJARAN,0,0,0
SINDANGWANGI,0,0,0
SUMBERJAYA,0,0,0
LIGUNG,0,0,0
CIKIJING,0,0,0
JATITUJUH,0,0,0
MAJA,0,0,0
JAMBLANG,5760,13273,19033
KERTAJATI,0,0,0
KADIPATEN,0,0,0
CIGASONG,0,0,0
CINGAMBUL,0,0,0
BANTARUJEG,0,0,0
SINDANG,0,0,0
DAWUAN,0,0,0
JATIWANGI,0,0,0
SUMEDANG UTARA,33312,19340,52652
KASOKANDEL,0,0,0
LEUWIMUNDING,0,0,0
GANEAS,8583,5009,13592
TALAGA,0,0,0
UJUNGJAYA,8559,10523,19082
MAJALENGKA,0,0,0
ARGAPURA,0,0,0
CISARUA,4985,5547,10532
SUKAHAJI,0,0,0
TANJUNGKERTA,12391,8037,20428
CIMALAKA,20547,13680,34227
PAMULIHAN,20302,12927,33229
RAJAGALUH,0,0,0
SUMEDANG SELATAN,31073,15435,46508
RANCAKALONG,13189,10775,23964
CIMANGGUNG,37363,9987,47350
WADO,13472,9410,22882
MALAUSMA,0,0,0
JATINANGOR,37890,14635,52525
CISITU,8903,7274,16177
SURIAN,3244,4012,7256
TANJUNGMEDAR,7977,7326,15303
TOMO,7338,7831,15169
ARAHAN,6235,10834,17069
DARMARAJA,11863,9235,21098
KANDANGHAUR,16269,27197,43466
SITURAJA,14367,8144,22511
GANTAR,15996,14124,30120
CIBUGEL,6688,4613,11301
JATINUNGGAL,14850,9438,24288
BUAHDUA,10136,10231,20367
HAURGEULIS,19672,23661,43333
KEDOKAN BUNDER,10162,13842,24004
CONGGEANG,8921,10081,19002
PASEH,10476,11184,21660
LOHBENER,10425,19395,29820
SUKASARI,13736,6357,20093
SINDANG,11934,15742,27676
TANJUNGSARI,33471,13838,47309
GABUSWETAN,11602,19176,30778
LOSARANG,11448,17000,28448
TRISI,14216,16730,30946
JATIGEDE,8211,7324,15535
BONGAS,10345,15694,26039
PASEKAN,4037,8899,12936
SUKRA,8612,15622,24234
KROYA,12121,20605,32726
ANJATAN,15780,29609,45389
SUKAGUMIWANG,9282,8363,17645
TUKDANA,14669,13602,28271
CANTIGI,3563,9434,12997
INDRAMAYU,26417,32843,59260
WIDASARI,7665,12359,20024
PATROL,8916,19410,28326
BANGODUA,6050,8654,14704
JUNTINYUAT,18674,24118,42792
KRANGKENG,13640,19495,33135
SAGALAHERANG,10843,7024,17867
LELEA,11034,15901,26935
CIKEDUNG,12042,11563,23605
SLIYEG,12422,22184,34606
CIPUNAGARA,13023,21641,34664
KERTASEMAYA,11547,17620,29167
DAWUAN,12038,11779,23817
SERANGPANJANG,6993,7502,14495
BALONGAN,10005,11049,21054
SUKASARI,8463,14947,23410
KARANGAMPEL,12071,20542,32613
PAGADEN BARAT,10978,12013,22991
LEGONKULON,5194,7827,13021
JATIBARANG,14193,25565,39758
COMPRENG,8636,16198,24834
CIJAMBE,12697,10681,23378
CIPEUNDUEY,13169,12726,25895
TAMBAKDAHAN,9266,16125,25391
PABUARAN,18201,16083,34284
CISALAK,14383,7405,21788
KASOMALANG,15433,7116,22549
CIBOGO,11659,13304,24963
JALANCAGAK,14437,10464,24901
SUBANG,39761,31952,71713
PURWADADI,15399,18221,33620
PUSAKANAGARA,6908,14810,21718
CIKAUM,0,0,0
CIATER,10547,6396,16943
CIASEM,24950,31011,55961
PUSAKAJAYA,9059,16042,25101
PAGADEN,17480,17404,34884
BINONG,10487,16397,26884
PATOKBEUSI,23878,19507,43385
TANJUNGSIANG,14835,11258,26093
BLANAKAN,12619,21173,33792
CIBATU,11603,6094,17697
KALIJATI,18424,15716,34140
PURWAKARTA,66104,27283,93387
PONDOKSALAM,11799,4409,16208
PAMANUKAN,12292,19202,31494
BABAKANCIKAO,18929,10049,28978
JATILUHUR,25653,9773,35426
SUKASARI,5497,1952,7449
PLERED,28673,8135,36808
SUKATANI,25873,8689,34562
BOJONG,18528,6826,25354
BUNGURSARI,20520,8634,29154
TEGALWARU,18564,5632,24196
TEMPURAN,20067,15617,35684
LEMAHABANG,24144,12579,36723
PASAWAHAN,18701,7078,25779
KIARAPEDES,9606,5075,14681
WANAYASA,15844,6393,22237
JAYAKERTA,16466,13440,29906
RAWAMERTA,18536,11045,29581
CAMPAKA,17318,7361,24679
TELAGASARI,24019,13403,37422
BANYUSARI,0,0,0
TIRTAMULYA,18591,9294,27885
MANIIS,9378,5677,15055
DARANGDAN,24669,9197,33866
CILAMAYA KULON,0,0,0
KARAWANG BARAT,0,0,0
TEGALWARU,14777,4671,19448
MAJALAYA,16638,9427,26065
TELUKJAMBE BARAT,19937,10094,30031
KUTAWALUYA,17271,14119,31390
CILAMAYA WETAN,0,0,0
KOTA BARU,39077,24144,63221
PURWASARI,0,0,0
CIAMPEL,0,0,0
CIBUAYA,14042,11461,25503
PANGKALAN,0,0,0
KARAWANG TIMUR,37638,26956,64594
SUKAKARYA,0,0,0
PEDES,17848,19276,37124
RENGASDENGKLOK,0,0,0
TARUMAJAYA,0,0,0
TIRTAJAYA,19590,15152,34742
JATISARI,0,0,0
CABANGBUNGIN,0,0,0
CILEBAR,0,0,0
CIKARANG SELATAN,0,0,0
TELUKJAMBE TIMUR,39307,23257,62564
KLARI,0,0,0
SUKATANI,0,0,0
BATUJAYA,22550,15006,37556
CIKARANG TIMUR,0,0,0
CIKAMPEK,0,0,0
PEBAYURAN,0,0,0
PAKISJAYA,0,0,0
KEDUNG WARINGIN,0,0,0
SERANG BARU,0,0,0
TAMBUN SELATAN,0,0,0
BABELAN,0,0,0
CIBARUSAH,0,0,0
CIKARANG UTARA,0,0,0
CIKARANG PUSAT,0,0,0
SUKAWANGI,0,0,0
LEMBANG,61223,46661,107884
TAMBUN UTARA,0,0,0
MUARAGEMBONG,0,0,0
CIKARANG BARAT,0,0,0
KARANG BAHAGIA,0,0,0
PADALARANG,64064,29378,93442
SETU,0,0,0
NGAMPRAH,57936,32105,90041
TAMBELANG,0,0,0
BATUJAJAR,37174,14817,51991
CIPATAT,39499,28711,68210
CILILIN,29662,16597,46259
PARONGPONG,30776,28530,59306
CIBITUNG,0,0,0
BOGOR TENGAH,35204,24812,60016
RONGGA,17851,9433,27284
SINDANGKERTA,21517,12037,33554
CIHAMPELAS,38947,20765,59712
BOJONGMANGU,0,0,0
GUNUNGHALU,24211,12846,37057
CIPONGKOR,27612,13537,41149
BOGOR UTARA,59389,35076,94465
CISARUA,22605,19403,42008
TANAH SAREAL,70359,40038,110397
LEMBURSITU,13643,6666,20309
CIPEUNDEUY,27189,14595,41784
GUNUNG PUYUH,17890,6826,24716
WARUDOYONG,19123,11009,30132
SUMUR BANDUNG,11017,8609,19626
CIBEUREUM,14888,4928,19816
CIKALONGWETAN,38236,25677,63913
BOGOR SELATAN,63572,40203,103775
ANTAPANI,25917,16876,42793
CIKOLE,21602,11405,33007
CITAMIANG,19578,7873,27451
SAGULING,9229,6993,16222
BOGOR TIMUR,30962,24809,55771
BOGOR BARAT,80800,45640,126440
BAROS,13394,4363,17757
BANDUNG KULON,41286,30696,71982
UJUNG BERUNG,28181,14642,42823
BOJONGLOA KIDUL,24017,23318,47335
CIBEUNYING KALER,22881,15770,38651
BUAHBATU,33299,20405,53704
BANDUNG KIDUL,18936,12553,31489
CICENDO,28996,25276,54272
SUKASARI,25632,18094,43726
GEDEBAGE,13205,6428,19633
CIBIRU,25092,12619,37711
BANDUNG WETAN,8692,7826,16518
CINAMBO,8496,4349,12845
SUKAJADI,31762,24987,56749
BOJONGLOA KALER,34855,32257,67112
KIARACONDONG,44161,28147,72308
RANCASARI,26610,16022,42632
BABAKAN CIPARAY,36500,35783,72283
ARCAMANIK,23917,16172,40089
KEJAKSAN,12058,12504,24562
PANYILEUKAN,14204,6699,20903
COBLONG,38984,25687,64671
CIBEUNYING KIDUL,36894,24708,61602
BATUNUNGGAL,40037,27050,67087
PEKALIPAN,6264,11358,17622
ANDIR,28655,27537,56192
MANDALAJATI,23030,14068,37098
JATI SEMPURNA,26884,23834,50718
REGOL,23693,21675,45368
CIDADAP,16777,13729,30506
LENGKONG,22918,17045,39963
MUSTIKA JAYA,49876,36325,86201
ASTANA ANYAR,20059,21995,42054
HARJAMUKTI,28150,28698,56848
LEMAH WUNGKUK,12261,18542,30803
RAWA LUMBU,54573,50487,105060
BEKASI TIMUR,73480,64815,138295
KESAMBI,19626,19977,39603
JATIASIH,62360,44480,106840
CILODONG,41539,28362,69901
PANCORAN MAS,65651,55245,120896
CINERE,25097,25017,50114
PONDOK GEDE,66618,56454,123072
LIMO,24486,21754,46240
PONDOK MELATI,34176,35050,69226
MEDAN SATRIA,43566,38727,82293
CIMAHI UTARA,53456,32237,85693
BEKASI UTARA,96021,73139,169160
BANTAR GEBANG,27707,14303,42010
MANGKUBUMI,38334,12700,51034
CIHIDEUNG,25963,16277,42240
BEKASI BARAT,79543,67270,146813
CIMANGGIS,67903,57582,125485
TAPOS,77207,50247,127454
BEKASI SELATAN,56601,50641,107242
SAWANGAN,45597,27542,73139
BEJI,46679,35554,82233
SUKMAJAYA,72187,58823,131010
CIPAYUNG,42982,28859,71841
CIMAHI TENGAH,59660,28868,88528
PURBARATU,18967,5377,24344
CIMAHI SELATAN,85382,43134,128516
JERUKLEGI,0,0,0
KESUGIHAN,0,0,0
INDIHIANG,22235,6874,29109
BOJONGSARI,33956,23710,57666
PURWAHARJA,7099,5856,12955
TAWANG,26321,11037,37358
LANGEN SARI,12508,15561,28069
TAMANSARI,28315,8268,36583
SAMPANG,0,0,0
CIBEUREUM,28649,8063,36712
BUNGURSARI,20866,7088,27954
CILACAP TENGAH,0,0,0
KAWALU,38167,11917,50084
ADIPALA,0,0,0
MAOS,0,0,0
PATIMUAN,0,0,0
CIPEDES,33848,11706,45554
PATARUMAN,17984,15160,33144
BANJAR,18978,13087,32065
MAJENANG,0,0,0
CILACAP UTARA,0,0,0
KEDUNGREJA,0,0,0
WANAREJA,0,0,0
CIMANGGU,0,0,0
KAMPUNG LAUT,0,0,0
SIDAREJA,0,0,0
CIPARI,0,0,0
KAWUNGANTEN,0,0,0
DAYEUHLUHUR,0,0,0
KROYA,0,0,0
BINANGUN,0,0,0
BANTARSARI,0,0,0
CILONGOK,0,0,0
SUMBANG,0,0,0
SOKARAJA,0,0,0
KEMBARAN,0,0,0
CILACAP SELATAN,0,0,0
NUSAWUNGU,0,0,0
KARANG LEWAS,0,0,0
KARANGPUCUNG,0,0,0
GANDRUNGMANGU,0,0,0
PURWOKERTO TIMUR,0,0,0
KEBASEN,0,0,0
GUMELAR,0,0,0
SUMPIUH,0,0,0
KEMRANJEN,0,0,0
JATILAWANG,0,0,0
RAWALO,0,0,0
PURWOKERTO SELATAN,0,0,0
PEKUNCEN,0,0,0
LUMBIR,0,0,0
AJIBARANG,0,0,0
KEDUNG BANTENG,0,0,0
BATURADEN,0,0,0
SOMAGEDE,0,0,0
TAMBAK,0,0,0
KARANGJAMBU,3463,9131,12594
PURWOKERTO BARAT,0,0,0
BOJONGSARI,12041,20961,33002
KALIBAGOR,0,0,0
KARANGREJA,7491,14615,22106
WANGON,0,0,0
PADAMARA,9478,14890,24368
KEMANGKON,13931,19774,33705
PURWOJATI,0,0,0
PENGADEGAN,5974,14530,20504
MREBET,13984,24042,38026
PURWOKERTO UTARA,0,0,0
PATIKRAJA,0,0,0
KARANGMONCOL,9902,17958,27860
BUKATEJA,14990,24535,39525
BANYUMAS,0,0,0
KEJOBONG,7690,17272,24962
KALIMANAH,12142,19189,31331
PAGENTAN,9118,11668,20786
KALIGONDANG,12111,22273,34384
KUTASARI,11227,21440,32667
PEJAWARAN,11927,11288,23215
REMBANG,8720,23459,32179
KARANGANYAR,6964,11818,18782
WANAYASA,11278,15366,26644
BOBOTSARI,12439,15550,27989
KARANGKOBAR,7129,9373,16502
PURBALINGGA,15054,18887,33941
SUSUKAN,8424,21251,29675
PUNGGELAN,13062,25992,39054
PURWONEGORO,12581,27956,40537
RAKIT,11091,16787,27878
PANDANARUM,2995,8403,11398
KERTANEGARA,6272,10380,16652
MANDIRAJA,10397,28500,38897
BANJARMANGU,10445,14949,25394
KALIBENING,8477,14232,22709
MADUKARA,11070,15521,26591
ADIMULYO,9066,11729,20795
PURWOREJO KLAMPOK,7931,16308,24239
WANADADI,8648,8755,17403
SIGALUH,6561,11520,18081
BATUR,9298,11097,20395
PONCOWARNO,3246,5397,8643
PAGEDONGAN,5590,13914,19504
AYAH,10641,23694,34335
BAWANG,13130,19371,32501
KUWARASAN,10067,15930,25997
PADURESO,3261,4863,8124
BONOROWO,5504,5349,10853
ROWOKELE,8509,15511,24020
PURING,10742,20932,31674
BULUSPESANTREN,13136,17686,30822
BUAYAN,8410,22801,31211
SADANG,2220,6951,9171
SEMPOR,10001,22363,32364
ALIAN,11453,17734,29187
BANJARNEGARA,17746,20147,37893
PETANAHAN,12904,19186,32090
PEJAGOAN,10655,16232,26887
GRABAG,10894,16055,26949
KLIRONG,13143,20913,34056
KUTOWINANGUN,11153,14001,25154
KARANGGAYAM,6107,20798,26905
KARANGANYAR,7625,11814,19439
AMBAL,12297,20296,32593
GOMBONG,12332,15076,27408
MIRIT,10378,15578,25956
SRUWENG,10424,19320,29744
KUTOARJO,12953,22397,35350
KEMIRI,12240,20532,32772
PURWODADI,9433,13627,23060
BAGELEN,6328,11504,17832
BAYAN,12064,15807,27871
GEBANG,8798,14459,23257
NGOMBOL,9261,10759,20020
BANYU URIP,11057,13138,24195
LOANO,7521,13671,21192
PURWOREJO,18554,30028,48582
KARANGSAMBUNG,6506,13853,20359
PITURUH,11661,17261,28922
PREMBUN,6738,8532,15270
KEBUMEN,30788,36174,66962
SUKOHARJO,0,0,0
BUTUH,11133,13463,24596
BRUNO,8499,15908,24407
SELOMERTO,0,0,0
BENER,9630,21076,30706
KALIGESING,6164,12561,18725
WADASLINTANG,0,0,0
SALAMAN,17373,23159,40532
GARUNG,0,0,0
KEJAJAR,0,0,0
KERTEK,0,0,0
CANDIMULYO,11691,17803,29494
WONOSOBO,0,0,0
SECANG,20741,24914,45655
LEKSONO,0,0,0
MOJOTENGAH,0,0,0
GRABAG,19900,32681,52581
NGABLAK,9563,17025,26588
KALIKAJAR,0,0,0
WATUMALANG,0,0,0
PAKIS,12748,22325,35073
TEGALREJO,13883,18847,32730
SAPURAN,0,0,0
DUKUN,14303,14673,28976
KALIBAWANG,0,0,0
KEPIL,0,0,0
KALIWIRO,0,0,0
SALAM,13752,14992,28744
BOROBUDUR,15105,21472,36577
KALIANGKRIK,15494,15799,31293
WINDUSARI,13455,14745,28200
SELO,0,0,0
BANDONGAN,17942,15428,33370
TEMPURAN,12774,15842,28616
SAWANGAN,17488,18322,35810
MUNTILAN,22031,26459,48490
WONOSEGORO,0,0,0
KLEGO,0,0,0
SIMO,0,0,0
SAMBI,0,0,0
SRUMBUNG,16696,13113,29809
MUNGKID,24554,19692,44246
MOJOSONGO,0,0,0
KAJORAN,13389,18419,31808
MERTOYUDAN,33186,30995,64181
NGLUWAR,9337,10753,20090
TERAS,0,0,0
KEMUSU,0,0,0
NOGOSARI,0,0,0
KARANGANOM,8006,19403,27409
BOYOLALI,0,0,0
MUSUK,0,0,0
BANYUDONO,0,0,0
ANDONG,0,0,0
SAWIT,0,0,0
JUWANGI,0,0,0
NGEMPLAK,0,0,0
JATINOM,10251,24032,34283
DELANGGU,7808,18067,25875
KARANGGEDE,0,0,0
NGAWEN,9630,17000,26630
AMPEL,0,0,0
PRAMBANAN,9270,21236,30506
WONOSARI,8479,29319,37798
KARANGDOWO,6134,20527,26661
KEMALANG,4732,17473,22205
TULUNG,8231,22597,30828
KEBONARUM,3429,8561,11990
CEPOGO,0,0,0
POLANHARJO,6885,17727,24612
WEDI,7174,22879,30053
TRUCUK,10171,35820,45991
KALIKOTES,4765,15657,20422
WERU,7190,25137,32327
BAYAT,6099,29007,35106
CAWAS,6257,28114,34371
KLATEN TENGAH,6523,18523,25046
BAKI,7721,34193,41914
GANTIWARNO,5769,17131,22900
KARANGNONGKO,5401,16492,21893
JUWIRING,8739,26529,35268
NGUTER,6397,24346,30743
KLATEN UTARA,8653,19462,28115
POLOKARTO,9654,39609,49263
CEPER,9106,29853,38959
BENDOSARI,6937,28495,35432
JOGONALAN,7895,26771,34666
MANISRENGGO,6896,19169,26065
GROGOL,13250,58599,71849
MOJOLABAN,11426,43611,55037
KISMANTORO,0,0,0
GATAK,6873,24498,31371
KLATEN SELATAN,7312,18090,25402
SUKOHARJO,11529,43070,54599
JATIROTO,0,0,0
PEDAN,5420,23192,28612
NGADIROJO,0,0,0
TAWANGSARI,5419,25354,30773
KARANGTENGAH,0,0,0
PURWANTORO,0,0,0
KARTASURA,16335,46712,63047
GIRITONTRO,0,0,0
BATUWARNO,0,0,0
PRACIMANTORO,0,0,0
BULUKERTO,0,0,0
SIDOARJO,0,0,0
SLOGOHIMO,0,0,0
JATISRONO,0,0,0
WONOGIRI,0,0,0
BULU,3086,17874,20960
GIRIWOYO,0,0,0
NGUNTORONADI,0,0,0
PUHPELEM,0,0,0
PARANGGUPITO,0,0,0
BATURETNO,0,0,0
MOJOGEDANG,10628,28389,39017
KARANGANYAR,15636,33038,48674
GIRIMARTO,0,0,0
JATIPURNO,0,0,0
TIRTOMOYO,0,0,0
JATIPURO,5041,15091,20132
KEBAKKRAMAT,11593,27950,39543
GONDANGREJO,9237,37052,46289
JUMANTONO,7001,20883,27884
JENAWI,4628,11445,16073
MATESIH,8547,17353,25900
NGARGOYOSO,5936,15203,21139
TASIKMADU,12679,24697,37376
TAWANGMANGU,7771,19101,26872
EROMOKO,0,0,0
JATEN,14067,35499,49566
SELOGIRI,0,0,0
WURYANTORO,0,0,0
MIRI,4092,16251,20343
JATIYOSO,5870,18143,24013
MANYARAN,0,0,0
KERJO,5938,15807,21745
COLOMADU,9659,29553,39212
KALIJAMBE,6955,21888,28843
KARANGPANDAN,6132,19212,25344
SRAGEN,11832,29784,41616
MONDOKAN,3017,16991,20008
GESI,2482,10120,12602
SUKODONO,4950,13747,18697
GEMOLONG,7463,21287,28750
SAMBUNGMACAN,6830,21354,28184
KARANGMALANG,11753,27460,39213
KEDAWUNG,8015,28446,36461
JUMAPOLO,5192,18740,23932
TANON,7401,24706,32107
GONDANG,6765,19745,26510
MASARAN,12587,31576,44163
SIDOHARJO,8627,24429,33056
JENAR,3148,13503,16651
SUMBERLAWANG,5418,22456,27874
PLUPUH,5491,23320,28811
SAMBIREJO,4598,16842,21440
GODONG,13901,28913,42814
TANGEN,3721,12285,16006
BRATI,6648,18786,25434
WIROSARI,12161,36063,48224
TAWANGHARJO,6580,20819,27399
KEDUNGJATI,7492,14829,22321
KARANGRAYUNG,9705,36188,45893
TEGOWANU,0,0,0
PURWODADI,21586,50862,72448
PENAWANGAN,0,0,0
NGRAMPAL,5900,18235,24135
GROBOGAN,0,0,0
GABUS,7148,31642,38790
KLAMBU,5873,13065,18938
TANGGUNGHARJO,5959,15222,21181
GEYER,7805,28142,35947
KRADENAN,0,0,0
GUBUG,14325,26451,40776
BANJAREJO,9915,23146,33061
PULOKULON,11612,42594,54206
TOROH,13613,45775,59388
JEPON,11059,25040,36099
NGARINGAN,9803,26044,35847
RANDUBLATUNG,17055,26235,43290
NGAWEN,9861,22473,32334
SLUKE,4362,11608,15970
KRADENAN,8749,14372,23121
CEPU,17183,26112,43295
KRAGAN,10997,27224,38221
BOGOREJO,4608,10353,14961
JAPAH,5611,14762,20373
JIKEN,8277,14033,22310
KALIORI,5943,19617,25560
JATI,7985,20211,28196
BLORA,17306,36975,54281
KEDUNGTUBAN,12561,19001,31562
KUNDURAN,10510,26782,37292
TODANAN,8624,28624,37248
SAMBONG,6789,9135,15924
SUKOLILO,0,0,0
TUNJUNGAN,8613,17922,26535
SULANG,6463,17008,23471
SUMBER,5634,16868,22502
PAMOTAN,10768,16246,27014
LASEM,9135,18839,27974
GUNEM,4882,9641,14523
PANCUR,6739,10696,17435
REMBANG,16407,36968,53375
CLUWAK,0,0,0
SEDAN,14521,15279,29800
SALE,7307,14943,22250
DUKUHSETI,0,0,0
TLOGOWUNGU,0,0,0
PATI,0,0,0
BATANGAN,0,0,0
GABUS,0,0,0
TAMBAKROMO,0,0,0
SARANG,18747,18177,36924
TAYU,0,0,0
GEMBONG,0,0,0
GUNUNGWUNGKAL,0,0,0
BULU,4549,12279,16828
KAYEN,0,0,0
MARGOYOSO,0,0,0
MARGOREJO,0,0,0
JAKENAN,0,0,0
WEDARIJAKSA,0,0,0
KALIWUNGU,23864,27994,51858
TRANGKIL,0,0,0
MEJOBO,18295,24893,43188
WINONG,0,0,0
KEDUNG,11714,25211,36925
JUWANA,0,0,0
PUCAKWANGI,0,0,0
JAKEN,0,0,0
TAHUNAN,13514,44946,58460
GEBOG,20288,30483,50771
JATI,26868,33698,60566
KUDUS,22734,31777,54511
BAE,18224,20862,39086
JEKULO,28108,31031,59139
WELAHAN,13474,27142,40616
KALINYAMATAN,13022,19165,32187
KELING,8011,27254,35265
BANGSRI,12216,39188,51404
UNDAAN,16934,23930,40864
DONOROJO,8575,23119,31694
DAWE,19856,35716,55572
DEMAK,23527,34470,57997
KARIMUN JAWA,988,3728,4716
MRANGGEN,33483,53744,87227
MAYONG,15329,31047,46376
BATEALIT,14389,29415,43804
KEMBANG,9721,29304,39025
MLONGGO,12133,30670,42803
PAKIS AJI,8124,22394,30518
KARANGTENGAH,11281,21573,32854
NALUMSARI,11362,23815,35177
BONANG,17262,31864,49126
JEPARA,12818,31196,44014
DEMPET,11194,18571,29765
UNGARAN TIMUR,18054,22367,40421
SAYUNG,23464,32286,55750
GAJAH,10882,15342,26224
WONOSALAM,13927,26713,40640
WEDUNG,13575,23916,37491
MIJEN,7974,19891,27865
KARANGAWEN,21766,28299,50065
PECANGAAN,15351,28816,44167
BERGAS,17081,22598,39679
UNGARAN BARAT,0,0,0
PABELAN,9308,15980,25288
KARANGANYAR,12057,24775,36832
PRINGAPUS,11579,17931,29510
GUNTUR,16180,25048,41228
BANCAK,0,0,0
KEBONAGUNG,7504,13234,20738
GETASAN,10042,22729,32771
BANYUBIRU,10196,15343,25539
TUNTANG,14732,24114,38846
KALIWUNGU,4651,13254,17905
BAWEN,12609,20824,33433
TLOGOMULYO,3440,11397,14837
KRANGGAN,10216,18722,28938
JAMBU,9185,15169,24354
KLEDUNG,4990,11960,16950
BRINGIN,10165,15684,25849
AMBARAWA,11319,26255,37574
SUMOWONO,8657,10658,19315
SURUH,15181,22460,37641
BANSARI,2509,13190,15699
CANDIROTO,6064,14113,20177
WONOBOYO,6252,9757,16009
TEMANGGUNG,20538,28791,49329
TEMBARAK,6729,11013,17742
SELOPAMPANG,5737,6112,11849
KALORAN,9958,17319,27277
KANDANGAN,11985,18354,30339
BANDUNGAN,13504,20685,34189
SUSUKAN,10269,16543,26812
TENGARAN,16397,24177,40574
JUMO,5997,12856,18853
CEPIRING,12680,16947,29627
WELERI,12702,22469,35171
KANGKUNG,9276,17177,26453
BULU,10895,19248,30143
GEMAWANG,7795,12372,20167
NGADIREJO,8857,25266,34123
TRETEP,3881,9132,13013
KEDU,14170,20595,34765
KENDAL,16157,16732,32889
RINGINARUM,6427,13844,20271
BEJEN,4610,8161,12771
PRINGSURAT,11300,19903,31203
SINGOROJO,11692,17006,28698
PATEAN,10922,18843,29765
KALIWUNGU,17245,18495,35740
BOJA,20544,22772,43316
PEGANDON,8490,12393,20883
PATEBON,14226,19499,33725
PLANTUNGAN,6437,9941,16378
ROWOSARI,9254,19098,28352
NGAMPEL,7251,11861,19112
PARAKAN,11289,20857,32146
PECALUNGAN,6124,11138,17262
WONOTUNGGAL,7244,11974,19218
WARUNGASEM,8196,19604,27800
PAGERUYUNG,7826,12020,19846
KALIWUNGU SELATAN,11478,15649,27127
GEMUH,9810,18419,28229
BAWANG,9845,19271,29116
GRINGSING,11492,22122,33614
SUKOREJO,13853,20273,34126
REBAN,7790,13289,21079
BANDAR,11790,22628,34418
BLADO,8343,14243,22586
LIMBANGAN,10447,10122,20569
BATANG,26277,46083,72360
BRANGSONG,11991,15921,27912
TERSONO,9443,13338,22781
WONOPRINGGO,7341,16203,23544
WIRADESA,11949,20788,32737
TULIS,6546,14175,20721
KANDEMAN,7706,19191,26897
LIMPUNG,8581,16141,24722
BUARAN,8427,16765,25192
SUBAH,9782,21225,31007
BOJONG,9744,26604,36348
TIRTO,10309,27694,38003
KESESI,11207,22725,33932
BANYUPUTIH,5860,14284,20144
LEBAKBARANG,1516,4156,5672
KARANGANYAR,7534,13819,21353
KANDANGSERANG,5388,11494,16882
DORO,6561,15336,21897
KEDUNGWUNI,18124,34767,52891
KARANGDADAP,5066,14802,19868
SRAGI,9207,23629,32836
SIWALAN,5028,15551,20579
TALUN,4520,10028,14548
TAMAN,30608,55755,86363
PETARUKAN,24473,54920,79393
MOGA,16932,13775,30707
KAJEN,13019,20409,33428
WONOKERTO,5019,17005,22024
PANINGGARAN,6528,11584,18112
COMAL,14910,33516,48426
PETUNGKRIYONO,2105,4886,6991
ULUJAMI,14131,42849,56980
SURADADI,14611,28976,43587
RANDUDONGKAL,20286,30936,51222
BANTARBOLANG,11943,25472,37415
BELIK,15217,36218,51435
WATUKUMPUL,9018,24996,34014
AMPELGADING,10478,24394,34872
BODEH,9093,20539,29632
PANGKAH,24861,31440,56301
MARGASARI,19655,29269,48924
PEMALANG,36843,61976,98819
DUKUHTURI,19389,26580,45969
WARUNGPRING,5630,12705,18335
PULOSARI,13131,15417,28548
BUMIJAWA,20600,21796,42396
ADIWERNA,25109,40877,65986
SLAWI,18385,22878,41263
PAGERBARANG,8323,19173,27496
WARUREJA,10329,20342,30671
TARUB,14990,24449,39439
KRAMAT,20621,37785,58406
JATINEGARA,11341,15294,26635
LEBAKSIU,15347,26150,41497
BOJONG,15625,17585,33210
SALEM,14237,18963,33200
TALANG,21883,31342,53225
TANJUNG,12520,35281,47801
KEDUNGBANTENG,8217,13124,21341
WANASARI,22596,54137,76733
JATIBARANG,16384,26810,43194
PAGUYANGAN,16461,33550,50011
LARANGAN,22164,56845,79009
KETANGGUNGAN,26046,42651,68697
BALAPULANG,17672,23726,41398
LOSARI,19741,44362,64103
SONGGOM,11284,25903,37187
TONJONG,16354,16615,32969
DUKUHWARU,10892,21175,32067
BANJARHARJO,19197,39128,58325
BANTARKAWUNG,19423,28090,47513
BULAKAMBA,22243,55794,78037
KERSANA,10020,23549,33569
MAGELANG TENGAH,10687,17662,28349
SIRAMPOG,14264,16062,30326
MAGELANG SELATAN,10589,13871,24460
SIDOREJO,10885,19723,30608
PASAR KLIWON,9992,40553,50545
BANJARSARI,15354,90761,106115
BREBES,30887,53922,84809
JEBRES,11173,77733,88906
SIDOMUKTI,9218,15535,24753
BUMIAYU,24154,29444,53598
NGALIYAN,31692,45356,77048
LAWEYAN,11424,47610,59034
SERENGAN,4760,27542,32302
TINGKIR,8620,17114,25734
GENUK,18179,37678,55857
MAGELANG UTARA,10897,10523,21420
GAYAM SARI,11293,29708,41001
GUNUNGPATI,20928,29560,50488
PEDURUNGAN,33160,71319,104479
GAJAH MUNGKUR,11294,23001,34295
SEMARANG BARAT,25016,65319,90335
PEKALONGAN TIMUR,15273,21727,37000
PEKALONGAN BARAT,20534,31442,51976
SEMARANG TENGAH,7745,29858,37603
TEMBALANG,28756,63864,92620
SEMARANG UTARA,16759,53375,70134
ARGOMULYO,9905,16292,26197
TEGAL BARAT,13286,22593,35879
PEKALONGAN SELATAN,11589,20383,31972
BANYUMANIK,28471,49308,77779
SEMARANG TIMUR,9049,34399,43448
CANDISARI,13810,33069,46879
MIJEN,15573,19602,35175
TEGAL SELATAN,14964,18810,33774
KOKAP,9084,12178,21262
TEGAL TIMUR,19531,23428,42959
SEMARANG SELATAN,12467,29157,41624
TUGU,8304,9716,18020
GALUR,10959,9078,20037
PEKALONGAN UTARA,17342,26262,43604
PENGASIH,14963,15224,30187
TEMON,8037,8308,16345
PIYUNGAN,14949,17163,32112
GIRIMULYO,6704,8515,15219
KALIBAWANG,8069,10190,18259
MARGADANA,8131,13944,22075
LENDAH,12493,12934,25427
DLINGO,8570,15742,24312
SEWON,27703,34081,61784
NANGGULAN,9414,9160,18574
SAMIGALUH,7711,9633,17344
IMOGIRI,17068,21086,38154
SENTOLO,14700,15069,29769
BAMBANGLIPURO,11585,14330,25915
PLERET,14595,14050,28645
PANJATAN,11131,11557,22688
JETIS,16802,19291,36093
SEDAYU,16185,13078,29263
BANTUL,18303,21892,40195
KASIHAN,29222,35376,64598
KRETEK,9583,9976,19559
WATES,13880,15035,28915
PAJANGAN,11335,10788,22123
TANJUNGSARI,8243,10562,18805
SRANDAKAN,8983,10818,19801
WONOSARI,22398,31101,53499
PUNDONG,9925,12392,22317
SEMANU,13007,23330,36337
PALIYAN,9713,9452,19165
PANDAK,14072,19020,33092
RONGKOP,5673,13179,18852
BANGUNTAPAN,31177,35058,66235
SANDEN,11478,9242,20720
NGLIPAR,8779,10825,19604
TEPUS,10484,11824,22308
GIRISUBO,5073,10338,15411
PANGGANG,8173,9669,17842
NGAWEN,5269,15028,20297
PONJONG,11529,22255,33784
KARANGMOJO,11499,21820,33319
SEMIN,9097,23175,32272
PLAYEN,14709,22005,36714
GEDANGSARI,5959,15997,21956
SAPTOSARI,12112,11430,23542
SEYEGAN,15947,15002,30949
TEMPEL,18729,14968,33697
BERBAH,14513,17812,32325
KALASAN,19563,28393,47956
PATUK,9112,11423,20535
PURWOSARI,5972,6697,12669
MLATI,24638,33318,57956
CANGKRINGAN,9108,10086,19194
SLEMAN,20163,21812,41975
GODEAN,20653,22478,43131
TURI,12594,10309,22903
MINGGIR,10452,10471,20923
NGEMPLAK,17016,20268,37284
NGAGLIK,24966,33453,58419
GAMPING,25451,31468,56919
UMBULHARJO,18563,21583,40146
PAKEM,10709,12803,23512
GEDONGTENGEN,3465,8842,12307
MERGANGSAN,7990,11255,19245
MANTRIJERON,8782,12333,21115
NGAMPILAN,4916,6038,10954
KOTAGEDE,10404,9285,19689
PRAMBANAN,15005,17018,32023
TULAKAN,26475,16301,42776
DEPOK,30186,48189,78375
TEGALOMBO,17277,8915,26192
GONDOMANAN,3646,5848,9494
JETIS,5224,11152,16376
TEGALREJO,7783,14307,22090
NGADIROJO,17139,9779,26918
PACITAN,34407,9916,44323
PUNUNG,13649,7683,21332
MOYUDAN,13727,8127,21854
DANUREJAN,4581,8127,12708
KRATON,5407,7760,13167
PAKUALAMAN,2362,4628,6990
BABADAN,14499,24784,39283
WIROBRAJAN,6422,9629,16051
SUKOREJO,15545,16161,31706
PRINGKUKU,12521,6407,18928
SUDIMORO,8628,9057,17685
GONDOKUSUMAN,8896,17113,26009
SAMPUNG,10632,12323,22955
BADEGAN,8115,9204,17319
NAWANGAN,14975,10887,25862
BANDAR,15693,8153,23846
KEBONAGUNG,19865,7227,27092
DONOROJO,9123,11467,20590
SIMAN,12521,12897,25418
SLAHUNG,14996,14666,29662
NGRAYUN,12722,21510,34232
JENANGAN,16777,16221,32998
ARJOSARI,15613,6540,22153
SOOKO,6203,8336,14539
PONOROGO,18820,25393,44213
TRENGGALEK,17039,21062,38101
NGEBEL,5685,6621,12306
SAMBIT,9681,11922,21603
PULUNG,12483,17518,30001
JAMBON,11309,12064,23373
TUGU,12137,14949,27086
KAUMAN,12564,12829,25393
GANDUSARI,11734,19249,30983
PUDAK,2970,2712,5682
MLARAK,12714,7859,20573
BENDUNGAN,5583,9649,15232
WATULIMO,10066,29747,39813
JETIS,9724,8563,18287
POGALAN,11172,18201,29373
BUNGKAL,11809,10734,22543
SAWOO,15828,16810,32638
BALONG,14788,11562,26350
PULE,10538,19744,30282
TULUNGAGUNG,14699,23191,37890
PAKEL,11449,19477,30926
DURENAN,11930,17569,29499
KARANGAN,12466,15590,28056
BANDUNG,9980,17779,27759
PANGGUL,11137,28641,39778
PUCANGLABAN,4458,9089,13547
REJOTANGAN,14204,28079,42283
CAMPURDARAT,9374,24051,33425
SURUH,5876,9368,15244
KAMPAK,5902,16058,21960
BESUKI,7599,13921,21520
MUNJUNGAN,7575,22342,29917
BOYOLANGU,16835,30131,46966
NGUNUT,13040,32010,45050
DONGKO,7825,25603,33428
SUMBERGEMPOL,11481,26470,37951
KALIDAWIR,11955,28310,40265
WONODADI,8057,18884,26941
KAUMAN,11950,18955,30905
TANGGUNGGUNUNG,4552,10578,15130
GONDANG,14908,19048,33956
KARANGREJO,9904,14804,24708
PAGERWOJO,8214,10649,18863
SENDANG,10865,16273,27138
PANGGUNGREJO,7064,17912,24976
KEDUNGWARU,16708,35162,51870
WLINGI,0,0,0
UDANAWU,7205,16559,23764
TALUN,11594,24578,36172
SANANKULON,9157,22855,32012
NGANTRU,8797,23505,32302
WATES,3815,13359,17174
SRENGAT,10398,27138,37536
BAKUNG,5519,10952,16471
DOKO,6599,17159,23758
PONGGOK,0,0,0
GARUM,10446,26506,36952
GANDUSARI,12196,28264,40460
BINANGUN,8245,18144,26389
KADEMANGAN,10670,28945,39615
SELOREJO,6331,15215,21546
KESAMBEN,7735,21964,29699
NGLEGOK,11279,30777,42056
KANIGORO,0,0,0
SEMEN,9707,20914,30621
PURWOASRI,11936,21501,33437
WONOTIRTO,0,0,0
SUTOJAYAN,8719,19216,27935
SELOPURO,7810,16741,24551
GROGOL,9367,16467,25834
KAYEN KIDUL,9247,18699,27946
TAROKAN,9554,22442,31996
KUNJANG,8254,12992,21246
PLOSOKLATEN,11969,29200,41169
NGANCAR,5982,21727,27709
PARE,20674,37748,58422
PAPAR,10871,18902,29773
GURAH,15386,32517,47903
KANDAT,9252,25869,35121
KANDANGAN,8494,19369,27863
NGADILUWIH,13208,31739,44947
KEPUNG,13876,32364,46240
MOJO,16808,26336,43144
RINGINREJO,9061,21873,30934
NGASEM,13247,25408,38655
PAKISAJI,17836,31259,49095
PLEMAHAN,12677,21906,34583
KARANG PLOSO,16550,26544,43094
BADAS,14019,21740,35759
KRAS,10200,25411,35611
DONOMULYO,8124,28058,36182
PUNCU,10074,25737,35811
BANYAKAN,11505,22148,33653
TIRTOYUDO,12393,23289,35682
SINGOSARI,43782,47263,91045
PAGU,8230,15183,23413
LAWANG,31481,27924,59405
WATES,13465,38746,52211
NGAJUNG,10923,17569,28492
PAGAK,8556,16916,25472
GAMPENGREJO,7366,12518,19884
JABUNG,16375,24634,41009
DAMPIT,23493,44284,67777
AMPELGADING,11041,20283,31324
WONOSARI,9537,15171,24708
PAKIS,30173,45765,75938
DAU,14642,23245,37887
GEDANGAN,10392,19496,29888
WAGIR,14463,34501,48964
NGANTANG,13231,20276,33507
SUMBERPUCUNG,11167,19486,30653
KROMENGAN,8705,14408,23113
TUMPANG,17312,27449,44761
KASEMBON,6467,10756,17223
TEMPURSARI,0,0,0
PUJON,17902,21338,39240
TUREN,24055,40702,64757
GONDANGLEGI,21691,20994,42685
SUMBERMANJING WETAN,17100,35864,52964
PONCOKUSUMO,23156,31534,54690
BANTUR,11490,27125,38615
WAJAK,17281,30008,47289
SUKODONO,14360,15200,29560
KEDUNGJAJANG,0,0,0
KEPANJEN,24592,33423,58015
KALIPARE,10357,25462,35819
CANDIPURO,11381,25790,37171
JATIROTO,0,0,0
PADANG,0,0,0
PAGELARAN,16837,19771,36608
TAJINAN,12151,18668,30819
BULULAWANG,16368,22176,38544
PASIRIAN,16285,32152,48437
GUCIALIT,0,0,0
TEKUNG,8668,10536,19204
LUMAJANG,0,0,0
RANUYOSO,0,0,0
TEMPEH,0,0,0
PRONOJIWO,6334,11428,17762
RANDUAGUNG,0,0,0
TEMPUREJO,0,0,0
PAKUSARI,0,0,0
SENDURO,0,0,0
MAYANG,0,0,0
ARJASA,0,0,0
ROWOKANGKUNG,8658,11691,20349
PASRUJAMBE,7063,13338,20401
KLAKAH,16359,10336,26695
KALISAT,0,0,0
JELBUK,0,0,0
KUNIR,0,0,0
PATRANG,0,0,0
SUMBERSUKO,0,0,0
MUMBULSARI,0,0,0
YOSOWILANGUN,15243,18362,33605
SUKORAMBI,0,0,0
GUMUKMAS,0,0,0
JOMBANG,0,0,0
KENCONG,0,0,0
BALUNG,0,0,0
WULUHAN,0,0,0
UMBULSARI,0,0,0
SUMBERSARI,0,0,0
KALIWATES,0,0,0
JENGGAWAH,0,0,0
TANGGUL,0,0,0
SUMBERJAMBE,0,0,0
LEDOKOMBO,0,0,0
AJUNG,0,0,0
KABAT,0,0,0
PUGER,0,0,0
SILO,0,0,0
SUKOWONO,0,0,0
SEMBORO,0,0,0
SUMBERBARU,0,0,0
SONGGON,0,0,0
RAMBIPUJI,0,0,0
PESANGGARAN,0,0,0
PANTI,0,0,0
BANGSALSARI,0,0,0
AMBULU,0,0,0
ROGOJAMPI,0,0,0
PURWOHARJO,0,0,0
BANGOREJO,0,0,0
GLAGAH,0,0,0
BANYUWANGI,0,0,0
CLURING,0,0,0
KALIPURO,0,0,0
SINGOJURUH,0,0,0
GIRI,0,0,0
WONGSOREJO,0,0,0
CERMEE,19344,8345,27689
SEMPU,0,0,0
SILIRAGUNG,0,0,0
MAESAN,14705,11612,26317
TEGALSARI,0,0,0
GLENMORE,0,0,0
GENTENG,0,0,0
PRAJEKAN,11161,4564,15725
PAKEM,5547,8291,13838
TEGALDLIMO,0,0,0
MUNCAR,0,0,0
BONDOWOSO,24342,18119,42461
TAMANAN,11387,9849,21236
TAMAN KROCOK,5982,4726,10708
JAMBESARI DARUS SHOLAH,12528,6680,19208
GAMBIRAN,0,0,0
SUMBERWRINGIN,11085,8091,19176
SRONO,0,0,0
LICIN,0,0,0
KLABANG,8031,3676,11707
KALIBARU,0,0,0
BINAKAL,5158,4363,9521
SUKOSARI,6200,2882,9082
SUMBERMALANG,9919,4584,14503
TLOGOSARI,15739,9326,25065
WONOSARI,13686,10364,24050
PUJER,15999,7354,23353
SEMPOL,4944,2952,7896
BOTOLINGGO,14598,4859,19457
TEGALAMPEL,7236,7193,14429
JATIBANTENG,8429,4226,12655
GRUJUGAN,13533,6574,20107
WRINGIN,11576,11353,22929
TAPEN,13384,7359,20743
SITUBONDO,15940,12228,28168
ARJASA,13148,9037,22185
BUNGATAN,8803,6113,14916
BANYUGLUGUR,7618,5393,13011
SUKAPURA,5871,6401,12272
BANYUPUTIH,10680,14886,25566
CURAHDAMI,10973,7369,18342
TENGGARANG,13640,9602,23242
ASEMBAGUS,15018,10782,25800
JANGKAR,12085,7884,19969
TEGALSIWALAN,9677,7648,17325
DRINGU,11281,19047,30328
MLANDINGAN,8914,4726,13640
GENDING,10421,10308,20729
WONOMERTO,10223,7428,17651
KENDIT,10679,6654,17333
KREJENGAN,9235,12275,21510
PANARUKAN,17703,13201,30904
MARON,17383,14500,31883
MANGARAN,10536,8397,18933
PAJARAKAN,9262,9201,18463
SUBOH,11406,4822,16228
PAITON,21951,16036,37987
KAPONGAN,12582,9648,22230
PANJI,24436,17923,42359
KRAKSAAN,13405,20287,33692
BESUKI,22138,12514,34652
BESUK,12430,12826,25256
SUMBERASIH,19163,13248,32411
TIRIS,11580,17293,28873
REMBANG,19868,11758,31626
KRUCIL,10175,10798,20973
GADING,11859,14885,26744
POHJENTREK,10427,5609,16036
GONDANGWETAN,16352,11209,27561
PAKUNIRAN,10794,14036,24830
KURIPAN,5210,6966,12176
BANTARAN,11224,7097,18321
KOTAANYAR,9805,11674,21479
TONGAS,16535,16712,33247
LECES,15118,12018,27136
LEKOK,12858,18699,31557
KRATON,30111,12847,42958
SUMBER,8015,7288,15303
GEMPOL,37994,30592,68586
NGULING,16286,12333,28619
WINONGAN,12879,9634,22513
PURWODADI,21152,15956,37108
BANGIL,29431,15061,44492
KEJAYAN,21130,11602,32732
REJOSO,14175,10838,25013
BANYUANYAR,12941,12270,25211
TOSARI,7430,4742,12172
LUMBANG,6545,9452,15997
WONOREJO,19159,8668,27827
TUTUR,17947,12602,30549
PUSPO,7716,5711,13427
SEDATI,21110,22040,43150
BEJI,28699,17027,45726
KRIAN,26213,36760,62973
LUMBANG,10138,8409,18547
PRIGEN,22219,26322,48541
PURWOSARI,25666,19722,45388
TAMAN,43812,59882,103694
GRATI,20400,20937,41337
PASREPAN,12840,10827,23667
SUKOREJO,26040,17657,43697
TANGGULANGIN,23035,23700,46735
GEDANGAN,28290,29835,58125
PANDAAN,33808,26168,59976
BALONGBENDO,18062,23003,41065
BUDURAN,23782,21745,45527
TARIK,19530,19176,38706
SIDOARJO,46124,54639,100763
WONOAYU,20766,22916,43682
TULANGAN,22890,28169,51059
GEDEG,13890,19132,33022
BANGSAL,13542,16438,29980
SUKODONO,24501,31668,56169
PURI,16389,25000,41389
JABON,15516,12799,28315
MOJOSARI,18287,25289,43576
CANDI,35008,37657,72665
SOOKO,17418,21706,39124
PRAMBON,17740,25679,43419
KEMLAGI,14608,19303,33911
KREMBUNG,17793,20500,38293
PUNGGING,20125,25402,45527
DAWARBLANDONG,13119,19030,32149
JETIS,19497,28982,48479
PLOSO,9845,14447,24292
PORONG,15734,21316,37050
TROWULAN,14058,27498,41556
WARU,44987,59242,104229
JATIREJO,9017,15006,24023
KABUH,12640,13211,25851
KESAMBEN,16019,20891,36910
TEMBELANG,14058,16737,30795
DLANGGU,10625,20087,30712
MOJOANYAR,12423,15555,27978
PACET,13049,20911,33960
GUDO,13321,17416,30737
JOGOROTO,15377,19500,34877
NGORO,22878,22382,45260
KUDU,8508,10420,18928
BANDARKEDUNGMULYO,11269,13750,25019
NGORO,14571,25711,40282
MOJOWARNO,18213,32254,50467
WONOSALAM,6233,12019,18252
BARENG,8931,21853,30784
KUTOREJO,14576,21934,36510
SAWAHAN,7974,13813,21787
PERAK,13565,15109,28674
GONDANG,10145,14868,25013
TRAWAS,6709,11742,18451
GONDANG,11161,20277,31438
PLANDAAN,12794,10781,23575
SUMOBITO,19243,26715,45958
DIWEK,5612,7843,13455
NGLUYU,5164,3976,9140
NGANJUK,14979,23401,38380
SUKOMORO,8794,17356,26150
MEGALUH,10576,12117,22693
PETERONGAN,15825,20758,36583
PRAMBON,13905,26361,40266
LENGKONG,10154,9202,19356
WILANGAN,7701,9200,16901
REJOSO,17830,24094,41924
MOJOAGUNG,16378,25980,42358
BAGOR,17014,18906,35920
PACE,10805,24141,34946
NGUSIKAN,6827,7016,13843
JOMBANG,34215,42307,76522
LOCERET,14377,25685,40062
BERBEK,12635,19058,31693
KEBONSARI,15796,16625,32421
TANJUNGANOM,21411,42068,63479
PATIANROWO,9968,13878,23846
BARON,10408,18111,28519
NGRONGGOT,14150,29313,43463
PILANGKENCENG,13025,18708,31733
MEJAYAN,11341,14648,25989
SARADAN,17605,20689,38294
NGETOS,5556,13690,19246
KERTOSONO,11511,19047,30558
MADIUN,9909,13976,23885
NGARIBOYO,12366,10067,22433
DOLOPO,12674,20181,32855
PONCOL,10727,6962,17689
JATIKALEN,7009,5322,12331
BALEREJO,11601,15542,27143
SAWAHAN,7170,8417,15587
DAGANGAN,12267,15885,28152
JIWAN,15440,19457,34897
WUNGU,13623,19978,33601
KARTOHARJO,7176,8465,15641
GEMARANG,7190,11121,18311
KARE,6878,11483,18361
BARAT,8694,9536,18230
KARANGREJO,7296,6784,14080
GEGER,15085,21624,36709
SUKOMORO,8999,10262,19261
WONOASRI,8388,11668,20056
NGUNTORONADI,6169,6310,12479
KAWEDANAN,12294,12557,24851
KARAS,12431,8955,21386
PARANG,15500,9689,25189
KARANGANYAR,4362,12728,17090
PLAOSAN,18155,13361,31516
PANEKAN,15700,16969,32669
TAKERAN,11382,11362,22744
LEMBEYAN,14007,10572,24579
PANGKUR,8302,9440,17742
MAOSPATI,11678,14344,26022
GERIH,7386,12515,19901
BENDO,11498,13687,25185
BRINGIN,6436,12197,18633
SINE,8202,16248,24450
MAGETAN,14083,12294,26377
GENENG,12644,18298,30942
PITU,8241,9004,17245
SIDOREJO,7791,8786,16577
WIDODAREN,13695,24553,38248
MANTINGAN,8944,13519,22463
JOGOROGO,9149,13140,22289
NGAWI,23226,26186,49412
PURWOSARI,7946,8210,16156
PADAS,7621,14141,21762
KEDUNGGALAR,15004,24108,39112
TRUCUK,10258,10555,20813
KENDAL,11474,15830,27304
MARGOMULYO,4642,8076,12718
PARON,22225,29952,52177
KASREMAN,6070,8507,14577
SUKOSEWU,12048,12173,24221
MALO,10359,7215,17574
KARANGJATI,11666,18579,30245
KWADUNGAN,7551,9297,16848
PADANGAN,11060,12567,23627
KEDEWAN,2400,4750,7150
NGRAMBE,8537,14927,23464
TEMAYANG,11098,9562,20660
GONDANG,5783,8806,14589
TAMBAKREJO,13961,16942,30903
NGRAHO,10501,14443,24944
KALITIDU,15886,11999,27885
KASIMAN,7754,9636,17390
NGAMBON,3172,3403,6575
DANDER,22647,21439,44086
SEKAR,5445,9854,15299
BOJONEGORO,23221,25552,48773
SUGIHWARAS,15117,11098,26215
BALEN,21103,17539,38642
NGASEM,16967,16385,33352
MERAKURAK,14429,16454,30883
JENU,11668,16921,28589
BAURENO,22694,21466,44160
GAYAM,9599,8504,18103
BUBULAN,4740,3598,8338
SEMANDING,25771,32340,58111
KEDUNGADEM,27605,18303,45908
KAPAS,17280,14009,31289
SUMBEREJO,24320,16116,40436
JATIROGO,10642,20652,31294
KANOR,19040,14050,33090
SINGGAHAN,9301,12478,21779
KEPOH BARU,20631,16057,36688
RENGEL,16262,15994,32256
KENDURUAN,4949,10063,15012
SENORI,9081,11976,21057
PLUMPANG,17267,23969,41236
MANTUP,14300,13855,28155
BANCAR,11226,22021,33247
PALANG,19411,24792,44203
MONTONG,11785,16656,28441
TURI,15131,14147,29278
TUBAN,22366,26462,48828
PARENGAN,14020,16089,30109
SUKORAME,7102,5729,12831
WIDANG,10566,16566,27132
LAMONGAN,20436,18204,38640
KARANGBINANGUN,10514,9538,20052
SOKO,21288,25559,46847
TAMBAKBOYO,8731,13744,22475
KALITENGAH,9831,8859,18690
BANGILAN,9935,13510,23445
GRABAGAN,6433,13598,20031
KARANGGENENG,10862,11184,22046
KEREK,12767,23355,36122
DEKET,13791,10648,24439
LAREN,12734,9263,21997
KEDUNGPRING,16723,14800,31523
SOLOKURO,13703,9138,22841
PUCUK,10391,12886,23277
KEMBANGBAHU,12627,16429,29056
BRONDONG,17302,16584,33886
SUKODADI,15812,15535,31347
DUKUN,21303,11191,32494
NGIMBANG,14802,12903,27705
BABAT,20396,23267,43663
TIKUNG,11189,14686,25875
PACIRAN,28905,18094,46999
GLAGAH,11767,9759,21526
SAMBENG,16081,15487,31568
BLULUK,7367,5864,13231
MODO,15959,12673,28632
SEKARAN,9309,10423,19732
CERME,22480,21109,43589
SUGIO,15325,18749,34074
WRINGINANOM,19753,21024,40777
MANYAR,33493,22415,55908
KEBOMAS,29405,25286,54691
DRIYOREJO,24881,28411,53292
SARIREJO,8021,5694,13715
UJUNGPANGKAH,14888,10255,25143
SIDAYU,13176,8089,21265
SANGKAPURA,15366,8170,23536
BANGKALAN,35749,13650,49399
BLEGA,39253,9387,48640
BUNGAH,18548,16120,34668
MODUNG,27013,7302,34315
KOKOP,40785,8605,49390
KEDAMEAN,14425,22297,36722
GRESIK,23747,18494,42241
MADURAN,8206,7851,16057
BALONGPANGGANG,16806,15889,32695
TRAGAH,26527,2508,29035
PANCENG,15201,9317,24518
BENJENG,17983,18830,36813
TANAH MERAH,59266,7564,66830
MENGANTI,24456,40606,65062
KONANG,40085,7976,48061
SRESEH,6008,8355,14363
AROSBAYA,23969,7952,31921
TANJUNG BUMI,32684,5178,37862
KAMAL,15740,10840,26580
DUDUKSAMPEYAN,17913,10315,28228
TAMBAK,7131,4678,11809
ROBATAL,31627,7634,39261
JRENGIK,19271,6422,25693
BURNEH,49663,7161,56824
KWANYAR,40229,3440,43669
LABANG,21837,8576,30413
SEPULU,25947,10760,36707
KLAMPIS,35071,5322,40393
SOCAH,27195,11804,38999
KETAPANG,53731,7077,60808
GALIS,63938,7037,70975
GEGER,39657,14196,53853
CAMPLONG,37291,12887,50178
TAMBELANGAN,26118,7237,33355
KEDUNGDUNG,50170,28136,78306
TORJUN,20874,6954,27828
PANGARENGAN,7562,3783,11345
WARU,36813,6240,43053
PEGANTENAN,35708,9944,45652
SOKOBANAH,46062,12529,58591
BANYUATES,36588,22630,59218
TLANAKAN,19961,11977,31938
PAMEKASAN,39331,11323,50654
KADUR,13490,10157,23647
KOTA SUMENEP,25784,14635,40419
SAMPANG,45558,17617,63175
OMBEN,51442,8021,59463
KARANGPENANG,42450,13473,55923
PROPPO,41532,9576,51108
MASALEMBU,3849,5462,9311
GAPURA,8009,12136,20145
LARANGAN,16715,11508,28223
NONGGUNONG,4252,3166,7418
BATUMARMAR,53230,11809,65039
PADEMAWU,31448,15022,46470
BATUAN,3578,2861,6439
BATU PUTIH,11438,10733,22171
PASEAN,23833,9982,33815
PAKONG,13628,5560,19188
TALANGO,7983,11287,19270
KALIANGET,10848,10623,21471
GALIS,9895,6541,16436
GAYAM,12430,5260,17690
DUNGKEK,9106,9155,18261
BATANG BATANG,13332,14372,27704
LENTENG,15212,18664,33876
MANDING,8478,6652,15130
AMBUNTEN,11912,10781,22693
KOTA,16532,33583,50115
SAPEKEN,15691,5899,21590
PRAGAAN,27194,15251,42445
ARJASA,27270,10303,37573
PASONGSONGAN,14923,11451,26374
PESANTREN,17033,31704,48737
GILI GINTING,5115,5188,10303
GANDING,9872,8476,18348
SARONGGI,10329,10601,20930
RUBARU,11981,8830,20811
DASUK,9241,6717,15958
SUKOREJO,8827,19603,28430
SANANWETAN,12217,18605,30822
BLUTO,15715,11357,27072
KANGAYAN,8215,2822,11037
KANIGARAN,17950,14000,31950
MOJOROTO,25896,35205,61101
LOWOKWARU,37623,52068,89691
KEPANJENKIDUL,8305,16391,24696
SUKUN,37508,68839,106347
KLOJEN,23595,35657,59252
MAYANGAN,16727,18771,35498
BLIMBING,41075,57906,98981
KADEMANGAN,12942,10230,23172
PURWOREJO,17463,12898,30361
GADINGREJO,12537,10327,22864
BENOWO,0,0,0
KEDOPAK,10921,7361,18282
WONOASIH,10572,7787,18359
KEDUNGKANDANG,42327,56501,98828
KARTOHARJO,12437,17578,30015
PANGGUNGREJO,19286,14585,33871
BUGUL KIDUL,9681,6086,15767
LAKARSANTRI,0,0,0
KARANGPILANG,0,0,0
MANGUHARJO,11306,19986,31292
PRAJURIT KULON,14839,18230,33069
TAMAN,17305,27495,44800
MAGERSARI,17867,23274,41141
JAMBANGAN,0,0,0
KENJERAN,0,0,0
SEMAMPIR,0,0,0
MULYOREJO,0,0,0
WIYUNG,0,0,0
ASEM ROWO,0,0,0
GUNUNG ANYAR,0,0,0
BULAK,0,0,0
TENGGILIS MEJOYO,0,0,0
PAKAL,0,0,0
GAYUNGAN,0,0,0
PABEAN CANTIKAN,0,0,0
DUKUHPAKIS,0,0,0
WONOKROMO,0,0,0
TEGALSARI,0,0,0
SAWAHAN,0,0,0
KREMBANGAN,0,0,0
TAMBAKSARI,0,0,0
SUKOMANUNGGAL,0,0,0
WONOCOLO,0,0,0
SIMOKERTO,0,0,0
TANDES,0,0,0
SAMBIKEREP,0,0,0
BUBUTAN,0,0,0
GUBENG,0,0,0
RUNGKUT,0,0,0
SUKOLILO,0,0,0
GENTENG,0,0,0
CARITA,9244,8676,17920
MEKARJAYA,5278,4214,9492
SUKARESMI,7632,9595,17227
CISATA,9683,2455,12138
CIBITUNG,5140,5657,10797
KORONCONG,6129,3073,9202
BANJAR,9541,5456,14997
CADASARI,11948,4479,16427
PANDEGLANG,16470,6766,23236
SINDANGRESMI,6020,5343,11363
PATIA,7040,6279,13319
KARANG TANJUNG,12399,5679,18078
BUMIAJI,13441,22958,36399
JUNREJO,11900,17326,29226
SUMUR,5055,6898,11953
BATU,46979,73055,120034
PANIMBANG,9401,15941,25342
ANGSANA,6105,7671,13776
CIGEULIS,7566,10590,18156
BOJONG,10868,5834,16702
KADUHEJO,13538,4326,17864
CIKEDAL,10915,5759,16674
CIPEUCANG,8987,3732,12719
PULOSARI,9049,4253,13302
CIMANUK,13790,4769,18559
LABUAN,15326,12021,27347
PICUNG,10398,6266,16664
MAJASARI,17833,5918,23751
MANDALAWANGI,16404,6987,23391
CIMANGGU,7732,12702,20434
JIPUT,11277,4758,16035
CIJAKU,6275,8044,14319
CIKEUSIK,11525,15178,26703
SAKETI,13977,6920,20897
MENES,14142,4274,18416
MUNJUL,7005,5584,12589
WANASALAM,11197,13744,24941
CIBALIUNG,6012,8110,14122
SOBANG,7063,9692,16755
PAGELARAN,11501,6863,18364
LEBAKGEDONG,5747,5835,11582
PANGGARANGAN,9664,11490,21154
SOBANG,7257,12555,19812
MALINGPING,14752,15648,30400
CIPANAS,15284,8145,23429
CIKULUR,12433,9247,21680
CIBEBER,13450,22294,35744
CURUG BITUNG,6759,9342,16101
BAYAH,11193,13468,24661
MUNCANG,9346,6712,16058
CIBADAK,19314,10543,29857
LEUWIDAMAR,12332,10252,22584
CILELES,11007,10858,21865
WARUNGGUNUNG,15579,9572,25151
CILOGRANG,9250,8418,17668
BOJONGMANIK,5689,5934,11623
BANJARSARI,15665,11109,26774
KALANGANYAR,10134,5147,15281
CIHARA,6347,9133,15480
CURUG,44755,33089,77844
MAJA,16192,8555,24747
SAJIRA,14681,8501,23182
RANGKASBITUNG,40613,24328,64941
CIRINTEN,7567,6169,13736
SUKAMULYA,23353,10793,34146
GUNUNGKENCANA,9206,7864,17070
CIMARGA,16815,13379,30194
KELAPA DUA,40733,46848,87581
GUNUNG KALER,13826,11073,24899
JAYANTI,20691,9887,30578
CIGEMLONG,4146,7445,11591
PANONGAN,31391,22998,54389
SEPATAN TIMUR,26998,16633,43631
TIGARAKSA,40059,25080,65139
CIKUPA,63493,32222,95715
PAGEDANGAN,29536,18646,48182
SEPATAN,32779,16584,49363
BALARAJA,39104,18981,58085
CISOKA,25126,16221,41347
LEGOK,32888,20300,53188
SOLEAR,20497,17170,37667
KEMIRI,12979,8209,21188
KRONJO,19026,11861,30887
KOSAMBI,25108,35506,60614
CISAUK,20048,16854,36902
SINDANG JAYA,27342,14178,41520
PASAR KEMIS,69213,57309,126522
PAKUHAJI,33985,26880,60865
KOPO,16607,7425,24032
KRESEK,22182,12108,34290
JAWILAN,19192,8234,27426
PAMARAYAN,12101,12684,24785
JAMBE,15012,9144,24156
TELUKNAGA,38693,38334,77027
MEKAR BARU,11270,8124,19394
CINANGKA,16585,11976,28561
MANCAK,13335,7734,21069
CIOMAS,12340,5931,18271
MAUK,30769,13589,44358
WARINGINKURUNG,12661,8050,20711
PETIR,14918,10299,25217
PADARINCANG,18270,11529,29799
KRAMATWATU,31836,18045,49881
ANYAR,16989,11387,28376
GUNUNG SARI,5421,3132,8553
SUKADIRI,22560,9933,32493
RAJEG,45269,27902,73171
BANDUNG,9904,6766,16670
KIBIN,18502,10851,29353
CIKEUSAL,21699,13006,34705
BINUANG,10907,5231,16138
CIKANDE,32217,17611,49828
BAROS,17315,7295,24610
KARANG TENGAH,32147,29097,61244
BOJONEGARA,15047,9288,24335
PABUARAN,12377,7764,20141
KRAGILAN,23628,12761,36389
TUNJUNG TEJA,12568,7453,20021
CIRUAS,25889,14344,40233
PERIUK,34094,32920,67014
PONTANG,13612,8276,21888
CIPONDOH,58913,47285,106198
CARENANG,13879,4422,18301
TANGERANG,41589,41813,83402
TIRTAYASA,13676,8001,21677
CIBODAS,40032,34592,74624
LEBAK WANGI,12980,6254,19234
KARAWACI,48089,46921,95010
PULO AMPEL,13291,6633,19924
PULOMERAK,13529,10593,24122
NEGLASARI,28628,29040,57668
TANARA,15799,4281,20080
BENDA,25208,18692,43900
WALANTAKA,25052,15256,40308
PINANG,50422,33996,84418
PURWAKARTA,14434,8388,22822
CILEDUG,37918,33140,71058
BATUCEPER,27323,20340,47663
CURUG,14319,10185,24504
TAKTAKAN,26277,15287,41564
CIPUTAT,50840,55410,106250
CILEGON,14216,8610,22826
CITANGKIL,24153,13119,37272
LARANGAN,40981,41328,82309
JATIUWUNG,35243,16181,51424
GEROGOL,14408,7491,21899
CIPOCOK JAYA,26411,16768,43179
PONDOK AREN,76335,78592,154927
SETU,21305,17609,38914
CIBEBER,15916,11200,27116
SERPONG,34215,38978,73193
CIWANDAN,17696,7343,25039
BATURITI,9761,20496,30257
SERANG,64458,45562,110020
JOMBANG,17258,15164,32422
PENEBEL,10863,22707,33570
JEMBRANA,10305,21480,31785
KASEMEN,25699,18964,44663
SERPONG UTARA,28053,37231,65284
NEGARA,18440,26407,44847
PUPUAN,6225,21677,27902
MELAYA,9342,19691,29033
PAMULANG,79800,82822,162622
ABIANSEMAL,16355,40988,57343
CIPUTAT TIMUR,45593,49146,94739
MARGA,8134,21654,29788
SELEMADEG BARAT,4062,10490,14552
MENDOYO,9256,26555,35811
PEKUTATAN,5935,10668,16603
KEDIRI,16087,34102,50189
KUTA SELATAN,15350,32360,47710
GIANYAR,13280,40808,54088
KUTA,6269,18968,25237
SELEMADEG,2096,13427,15523
SUKAWATI,11333,47388,58721
TEGALALLANG,8193,25905,34098
MENGWI,21692,52545,74237
KUTA UTARA,12115,32165,44280
KERAMBITAN,8241,20049,28290
DAWAN,5958,16010,21968
SELEMADEG TIMUR,4196,11969,16165
NUSA PENIDA,12150,15767,27917
TABANAN,12549,34325,46874
SIDEMEN,5905,16453,22358
BANGLI,9187,22608,31795
PETANG,6285,12191,18476
KLUNGKUNG,10963,22422,33385
KARANGASEM,17124,31766,48890
ABANG,10958,25620,36578
TAMPAKSIRING,5717,25216,30933
BANJARANGKAN,6850,16632,23482
KINTAMANI,14039,40783,54822
PAYANGAN,6592,20949,27541
BLAHBATUH,9542,28930,38472
UBUD,9296,33929,43225
BEBANDEM,10830,18368,29198
SUSUT,8102,20530,28632
RENDANG,8907,14686,23593
SUKASADA,12050,24730,36780
SELAT,7165,17980,25145
SAWAN,8168,24260,32428
BUSUNG BIU,7294,17486,24780
TEMBUKU,5989,18607,24596
MANGGIS,6901,18169,25070
GEROKGAK,15376,26829,42205
SERIRIT,14950,23685,38635
BATU LAYAR,20702,5925,26627
KUBUTAMBAHAN,7441,19231,26672
DENPASAR BARAT,26363,68230,94593
DENPASAR TIMUR,12967,46845,59812
KUBU,12970,16822,29792
GUNUNGSARI,36017,10051,46068
GERUNG,35127,8377,43504
KEDIRI,25993,4354,30347
BULELENG,20569,45577,66146
BANJAR,12583,28070,40653
SEKOTONG,19572,9377,28949
DENPASAR UTARA,18503,63473,81976
DENPASAR SELATAN,22047,63072,85119
TEJAKULA,4421,22360,26781
PRAYA TIMUR,27544,12019,39563
PRAYA BARAT DAYA,20063,6895,26958
NARMADA,37474,14159,51633
PRAYA TENGAH,26887,7597,34484
LINGSAR,28021,10248,38269
BATUKLIANG,29263,12250,41513
LABUAPI,29243,6295,35538
LEMBAR,17663,6825,24488
KURIPAN,14754,3518,18272
SUWELA,15264,6188,21452
PRINGGARATA,22808,11330,34138
WANASABA,29945,7421,37366
KOPANG,33793,10706,44499
KERUAK,20366,6057,26423
SEMBALUN,7845,3466,11311
PRAYA,46096,12956,59052
MONTONG GADING,17521,6041,23562
PRINGGASELA,22359,6865,29224
JONGGAT,37787,12812,50599
PRAYA BARAT,28144,10197,38341
JANAPRIA,32028,8038,40066
SURALAGA,20089,8854,28943
MASBAGIK,44466,10279,54745
PRINGGABAYA,36013,13434,49447
SAMBELIA,10475,5775,16250
BATUKLIANG UTARA,20233,6817,27050
PUJUT,37982,17423,55405
BUER,4508,3363,7871
SIKUR,29868,9454,39322
MOYO UTARA,4420,1639,6059
LUNYUK,6484,3889,10373
AIKMEL,35889,16393,52282
SAKRA,23304,6451,29755
SAKRA BARAT,18774,7668,26442
SELONG,36603,8288,44891
LOPOK,7142,4039,11181
LABUHAN HAJI,24367,6505,30872
UNTER IWES,8807,2732,11539
ALAS,9407,5921,15328
SAKRA TIMUR,15562,6510,22072
TERARA,28186,8338,36524
ALAS BARAT,7630,3679,11309
JEROWARU,20828,8098,28926
SUKAMULIA,13822,3510,17332
RHEE,2033,2082,4115
ORONG TELU,1634,999,2633
LABANGKA,3444,1766,5210
MARONGE,3767,1984,5751
PLAMPANG,10389,5546,15935
ROPANG,2065,1110,3175
LANTUNG,1149,646,1795
PEKAT,11348,4409,15757
TARANO,4879,3688,8567
MOYO HILIR,10159,3976,14135
LABUHAN BADAS,10407,6264,16671
SUMBAWA,20983,9951,30934
EMPANG,7815,5527,13342
LENANGGUAR,2751,1403,4154
UTAN,10274,6027,16301
BATU LANTEH,4458,1478,5936
LAPE,6934,3081,10015
DOMPU,20307,7573,27880
SOROMANDI,6099,2925,9024
MONTA,12132,4158,16290
MOYO HULU,8516,4749,13265
TAMBORA,2977,898,3875
LANGGUDU,9581,4432,14013
KEMPO,5876,4334,10210
DONGGO,6796,3926,10722
WOJA,23787,6455,30242
KILO,4173,2907,7080
WAWO,6694,2243,8937
LAMBU,9291,7400,16691
SANGGAR,4389,1890,6279
BELO,9428,3198,12626
MANGGELEWA,10634,4799,15433
TALIWANG,17911,8002,25913
WERA,10583,3909,14492
BOLO,18939,6451,25390
PAJO,3946,2613,6559
LAMBITU,1899,897,2796
PALIBELO,11550,3089,14639
JEREWEH,3518,1366,4884
WOHA,17163,6135,23298
SETELUK,6027,3421,9448
MADAPANGGA,11572,4056,15628
PARADO,3459,1210,4669
AMBALAWI,7547,2223,9770
SAPE,18741,8296,27037
BRANG ENE,2316,902,3218
TANJUNG,16376,10895,27271
MATARAM,26003,14298,40301
AMPENAN,29978,12509,42487
KAYANGAN,18048,5380,23428
POTO TANO,3410,2295,5705
SANDUBAYA,23620,10409,34029
BRANG REA,5402,2320,7722
MPUNDA,12356,3611,15967
AMARASI TIMUR,1774,1661,3435
RABA,16782,4233,21015
GANGGA,19140,6418,25558
ASAKOTA,11720,3835,15555
CAKRANEGARA,17264,17743,35007
PEMENANG,12621,4471,17092
SEKONGKANG,2490,1626,4116
AMFOANG TIMUR,1885,1252,3137
MALUK,2860,2253,5113
SELAPARANG,26653,10789,37442
FATULEU TENGAH,1816,604,2420
TAEBENU,4328,3603,7931
RASANAE BARAT,11255,5313,16568
RASANAE TIMUR,7781,1924,9705
BAYAN,17154,8682,25836
KUPANG TIMUR,10288,9635,19923
SEKARBELA,20223,5899,26122
KUPANG TENGAH,7440,10073,17513
AMABI OEFETO TIMUR,3626,2481,6107
SEMAU SELATAN,1056,1148,2204
FATULEU BARAT,2798,1227,4025
SEMAU,1138,1993,3131
AMARASI,4200,3663,7863
AMARASI SELATAN,2260,2596,4856
AMFOANG BARAT DAYA,1261,899,2160
AMFOANG UTARA,1614,1521,3135
NEKAMESE,3006,2001,5007
AMABI OEFETO,2073,1575,3648
AMFOANG BARAT LAUT,1653,2381,4034
FATULEU,5439,5342,10781
AMFOANG TENGAH,2039,662,2701
TAKARI,5807,4042,9849
KOT OLIN,0,0,0
SANTIAN,0,0,0
SULAMU,3016,4088,7104
AMARASI BARAT,3976,3329,7305
KUPANG BARAT,4276,4098,8374
NOEBEBA,0,0,0
AMFOANG SELATAN,2334,1722,4056
OENINO,0,0,0
KOTA SOE,0,0,0
NOEBANA,0,0,0
KOLBANO,0,0,0
AMANUBAN TENGAH,0,0,0
MOLLO TENGAH,0,0,0
TOBU,0,0,0
MOLLO BARAT,0,0,0
FATUKOPA,0,0,0
AMANUBAN TIMUR,0,0,0
FAUTMOLO,0,0,0
KUALIN,0,0,0
KUANFATU,0,0,0
AMANATUN SELATAN,0,0,0
NUNKOLO,0,0,0
KUATNANA,0,0,0
KOK BAUN,0,0,0
AMANUBAN SELATAN,0,0,0
POLEN,0,0,0
INSANA FAFINESU,575,1887,2462
FATUMNASI,0,0,0
MOLLO SELATAN,0,0,0
MOLLO UTARA,0,0,0
BIKOMI SELATAN,2097,2374,4471
MIOMAFO TIMUR,2365,3118,5483
BATU PUTIH,0,0,0
BIKOMI TENGAH,1562,1725,3287
AMANATUN UTARA,0,0,0
BIBOKI TAN PAH,1260,1046,2306
TOIANAS,0,0,0
NUNBENA,0,0,0
BIBOKI MOENLEU,1426,1498,2924
INSANA BARAT,1605,2440,4045
MUSI,515,1645,2160
MUTIS,1030,1877,2907
AMANUBAN BARAT,0,0,0
INSANA,2973,5449,8422
BIBOKI ANLEU,2905,3429,6334
BOKING,0,0,0
BIKOMI NILULAT,1017,1171,2188
NAIBENU,1233,1173,2406
BIBOKI SELATAN,1721,1771,3492
MIOMAFO BARAT,2102,4818,6920
KOTA KEFAMENANU,9860,10179,20039
NOEMUTI,1248,4561,5809
INSANA TENGAH,1743,2938,4681
BIBOKI FEOTLEU,898,845,1743
MIOMAFFO TENGAH,1224,1519,2743
WEWIKU,1634,5143,6777
WELIMAN,1599,5422,7021
BIKOMI UTARA,1278,1729,3007
LAMAKNEN,3065,1912,4977
LAEN MANEN,973,3719,4692
BIBOKI UTARA,2434,1994,4428
IO KUFEU,1104,2115,3219
LAMAKNEN SELATAN,1023,1938,2961
RAIMANUK,2527,3086,5613
NANAET DUABESI,601,1016,1617
LASIOLAT,1041,1826,2867
SASITAMEAN,838,2660,3498
ATAMBUA BARAT,4030,4922,8952
INSANA UTARA,1351,2748,4099
NOEMUTI TIMUR,534,1456,1990
KOBALIMA,3864,3187,7051
BOTIN LEO BELE,596,1339,1935
MALAKA TENGAH,5237,9300,14537
RAIHAT,3932,1684,5616
ATAMBUA SELATAN,5209,4914,10123
TASIFETO BARAT,4421,4315,8736
KAKULUK MESAK,5591,2679,8270
MATARU,1104,1836,2940
PUREMAN,328,1257,1585
KABOLA,1675,2521,4196
PULAU PURA,1027,1732,2759
KOTA ATAMBUA,7072,4497,11569
TASIFETOTIMUR,5595,3965,9560
PANTAR TIMUR,2674,2910,5584
MALAKA TIMUR,1353,2508,3861
MALAKA BARAT,1851,6446,8297
ALOR BARAT DAYA,4136,6653,10789
ALOR BARAT LAUT,6511,4020,10531
LEMBUR,709,1626,2335
RINHAT,2106,3369,5475
WULANGGITANG,771,5693,6464
PANTAR TENGAH,2925,1941,4866
TELUK MUTIARA,13512,11536,25048
KOBALIMA TIMUR,1306,1026,2332
LEWOLEMA,728,3337,4065
ADONARA,1702,2929,4631
ILE BURA,373,2842,3215
ALOR TENGAH UTARA,2169,3456,5625
PANTAR,2907,1884,4791
ADONARA TIMUR,4819,6765,11584
PANTAR BARAT,2300,902,3202
DEMON PAGONG,234,2222,2456
ALOR TIMUR LAUT,1107,3082,4189
PANTAR BARAT LAUT,1376,905,2281
ADONARA TENGAH,1076,3948,5024
ILE BOLENG,1364,5491,6855
WOTAN ULUMANDO,802,2792,3594
SOLOR BARAT,679,3673,4352
ALOR TIMUR,1553,2485,4038
ALOR SELATAN,1481,3212,4693
ALOK TIMUR,5088,9300,14388
TITEHENA,1035,4651,5686
LARANTUKA,4811,12877,17688
SOLOR SELATAN,268,2039,2307
KELUBAGOLIT,1121,4650,5771
WAIBLAMA,859,2495,3354
WITIHAMA,985,6830,7815
SOLOR TIMUR,3524,2406,5930
ADONARA BARAT,1233,4314,5547
TANA WAWO,966,3236,4202
DORENG,871,3749,4620
PALUE,479,3490,3969
LELA,661,5257,5918
ILE MANDIRI,681,4161,4842
ALOK BARAT,2459,5280,7739
BOLA,1092,4041,5133
MEGO,937,4528,5465
ALOK,3735,10479,14214
HEWOKLOANG,615,3370,3985
KEWAPANTE,1406,4729,6135
TANJUNG BUNGA,911,4830,5741
MAGEPANDA,867,4492,5359
NITA,1177,9850,11027
KOTING,621,2932,3553
WAIGETE,1627,7910,9537
PAGA,1139,6066,7205
KANGAE,2104,6064,8168
TALIBURA,2845,6288,9133
NANGAPANDA,3396,7971,11367
ENDE TENGAH,3316,9188,12504
LIO TIMUR,574,2774,3348
MAPITARA,322,2712,3034
ENDE TIMUR,2832,7081,9913
NDORI,1415,1152,2567
ENDE,908,7647,8555
MAUKARO,452,2953,3405
ENDE UTARA,4259,4501,8760
KELIMUTU,350,3033,3383
DETUKELI,435,2541,2976
NELLE,507,2643,3150
WOLOJITA,496,2731,3227
LEPEMBUSU KELISOKE,341,2231,2572
GOLEWA BARAT,1568,2604,4172
KOTA BARU,513,4048,4561
GOLEWA SELATAN,1381,3449,4830
NDONA TIMUR,296,2008,2304
NDONA,1621,5545,7166
WOLOMEZE,630,1993,2623
PULAU ENDE,3213,1027,4240
ENDE SELATAN,7877,4510,12387
MAUROLE,961,3990,4951
WEWARIA,1373,7010,8383
DETUSOKO,513,6460,6973
BAJAWA UTARA,1091,2697,3788
SOA,2551,3622,6173
WOLOWARU,2838,5010,7848
RAHONG UTARA,2247,6514,8761
RIUNG,2459,4068,6527
RIUNG BARAT,1466,2087,3553
LANGKE REMBONG,8209,21318,29527
INERIE,796,2509,3305
LELAK,970,3989,4959
AIMERE,1232,2877,4109
JEREBUU,663,2482,3145
WAE RII,2685,9469,12154
KAMBATA MAPAMBUHANG,466,1242,1708
SATAR MESE BARAT,3566,9561,13127
GOLEWA,1544,6114,7658
KAMBERA,3417,11945,15362
KOTA WAINGAPU,5444,9825,15269
BAJAWA,4962,11058,16020
CIBAL,2833,8776,11609
REOK BARAT,1764,4548,6312
RUTENG,3454,13886,17340
HAHARU,644,1715,2359
KANATANG,898,3001,3899
MATAWAI LA PAWU,589,1798,2387
CIBAL BARAT,1469,4460,5929
REOK,3439,5436,8875
LEWA TIDAHU,648,2139,2787
KATALA HAMU LINGU,380,1309,1689
KAHAUNGU ETI,1074,2576,3650
WULLA WAIJELU,1078,2458,3536
NGGAHA ORI ANGU,1124,2702,3826
KARERA,976,2485,3461
SATAR MESE,3392,9395,12787
RINDI,1428,2756,4184
PABERIWAI,475,1671,2146
LAMBOYA,1860,4630,6490
TANA RIGHU,1253,5860,7113
ILE APE,0,0,0
PINU PAHAR,869,2494,3363
NGADU NGALA,429,1797,2226
KOTA WAIKABUBAK,4389,7931,12320
PANDAWAI,1730,5574,7304
MAHU,788,1000,1788
NUBATUKAN,3699,11779,15478
TABUNDUNG,1195,2919,4114
LEWA,1620,4827,6447
LOLI,3456,7113,10569
UMALULU,2605,4977,7582
LABOYA BARAT,897,2089,2986
ILE APE TIMUR,0,0,0
PAHUNGA LODU,1938,3692,5630
WANOKAKA,1736,4501,6237
PANTAI BARU,1092,4933,6025
ROTE BARAT,804,2572,3376
NAGA WUTUNG,0,0,0
WULANDONI,1063,3301,4364
LEBATUKAN,0,0,0
NDAO NUSE,161,1328,1489
ATADEI,640,3258,3898
ROTE BARAT DAYA,1371,7588,8959
MACANG PACAR,1776,11692,13468
BUYASURI,0,0,0
ROTE TIMUR,1543,4457,6000
LOBALAIN,2279,10009,12288
OMESURI,3001,3863,6864
NDOSO,1826,8086,9912
KUWUS,2813,9559,12372
ROTE  SELATAN,658,1780,2438
MBELILING,1637,4411,6048
BOAWAE,1647,14469,16116
LEMBOR SELATAN,3628,6945,10573
SANO NGGOANG,1781,4270,6051
ROTE BARAT LAUT,2016,7978,9994
LANDU LEKO,712,1378,2090
ROTE TENGAH,1226,2459,3685
UMBU RATU NGGAY BARAT,0,0,0
MAMBORO,0,0,0
BOLENG,3227,6077,9304
UMBU RATU NGGAY,0,0,0
WELAK,2019,8054,10073
LEMBOR,4283,10726,15009
MAUPONGGO,1479,9386,10865
WEWEWA TENGAH,10088,13276,23364
KOTA TAMBOLAKA,3045,9933,12978
WOLOWAE,360,2109,2469
NANGARORO,1049,8201,9250
KODI BANGEDO,2692,10449,13141
AESESA,3131,13398,16529
KATIKU TANA,1080,3573,4653
AESESA SELATAN,295,2382,2677
KOMODO,8090,11996,20086
KODI BALAGHAR,2177,3791,5968
WEWEWA SELATAN,5303,5936,11239
LOURA,1191,5726,6917
KEO TENGAH,667,6481,7148
WEWEWA BARAT,10160,16705,26865
POCO RANAKA TIMUR,2188,8381,10569
WEWEWA TIMUR,6599,9111,15710
SAMBI RAMPAS,4812,6799,11611
KATIKU TANA SELATAN,0,0,0
KOTA KOMBA,5188,15459,20647
POCO RANAKA,3666,10401,14067
SABU BARAT,4931,8473,13404
BORONG,4729,12064,16793
HAWU MEHARA,2063,5124,7187
KODI UTARA,2744,21582,24326
RANA MESE,1917,9762,11679
KOTA RAJA,10007,15302,25309
ALAK,13433,16174,29607
SABU TENGAH,1307,2034,3341
KODI,2417,16285,18702
WEWEWA UTARA,4180,6384,10564
RAIJUA,545,3232,3777
KELAPA LIMA,11236,19350,30586
LAMBA LEDA,3947,9445,13392
ELAR,2014,3885,5899
SAJAD,1764,3262,5026
SABU TIMUR,1087,2664,3751
SABU LIAE,1230,3070,4300
SUBAH,3498,7953,11451
SEMPARUK,6175,6990,13165
ELAR SELATAN,1245,6037,7282
MAULAFA,16342,20772,37114
OEBOBO,14788,26656,41444
JAWAI SELATAN,3803,5271,9074
SALATIGA,3294,4748,8042
SEBAWI,3584,4732,8316
PALOH,5078,7186,12264
TEBAS,12993,21819,34812
SAMBAS,12143,12524,24667
TELUK KERAMAT,15253,17614,32867
SEJANGKUNG,4745,6427,11172
GALING,4933,7066,11999
MEMPAWAH HILIR,13070,5145,18215
TANGARAN,6152,4870,11022
KOTA LAMA,6555,9020,15575
JAWAI,8663,9338,18001
SELAKAU,6291,8821,15112
TEKARANG,3597,3940,7537
SADANIANG,503,5130,5633
SELAKAU TIMUR,2315,2931,5246
TOHO,2366,7692,10058
SAJINGAN BESAR,549,5406,5955
TAYAN HILIR,5818,13020,18838
PEMANGKAT,7989,14105,22094
BALAI,1869,12864,14733
KAPUAS,20954,27512,48466
SIANTAN,12876,8091,20967
ANJONGAN,4912,3985,8897
BONTI,3037,10728,13765
TAYAN HULU,3146,17721,20867
KEMBAYAN,3977,13693,17670
JANGKANG,2209,14450,16659
SEGEDONG,6245,3888,10133
MEMPAWAH TIMUR,10554,2530,13084
TOBA,793,7217,8010
SEKAYAM,5367,11957,17324
SUNGAI KUNYIT,7486,4056,11542
SUNGAI PINYUH,15483,9330,24813
MELIAU,10149,17941,28090
MATAN HILIR UTARA,3674,3535,7209
MUARA PAWAN,4103,3009,7112
PARINDU,2581,18821,21402
ENTIKONG,1853,7297,9150
HULU SUNGAI,516,6185,6701
AIR UPAS,1968,7882,9850
SINGKUP,1442,2336,3778
TUMBANG TITI,3304,8678,11982
SANDAI,5488,8770,14258
SIMPANG DUA,429,4856,5285
BEDUAI,1385,5339,6724
MATAN HILIR SELATAN,8604,5894,14498
DELTA PAWAN,20416,14981,35397
MUKOK,4080,6951,11031
NOYAN,454,5709,6163
PEMAHAN,1152,1356,2508
BENUA KAYONG,14965,4811,19776
NANGA TAYAP,6038,10097,16135
KELAM PERMAI,2017,8265,10282
JELAI HULU,1634,8185,9819
KENDAWANGAN,5207,12565,17772
SIMPANG HULU,1491,17594,19085
MANIS MATA,4662,10735,15397
MARAU,1279,6723,8002
KETUNGAU HULU,1697,10234,11931
SERAWAI,3297,9761,13058
AMBALAU,1243,7422,8665
SUNGAI LAUR,3178,7265,10443
SEPAUK,7129,22776,29905
TEMPUNAK,4008,13032,17040
SINTANG,23222,16480,39702
SILAT HULU,2031,4817,6848
DEDAI,7128,11680,18808
SUNGAI MELAYU RAYAK,2340,4687,7027
SUNGAI TEBELIAN,6573,10767,17340
PUTUSSIBAU UTARA,4717,9033,13750
PENGKADAN,2619,2253,4872
BADAU,984,2441,3425
KAYAN HILIR,3406,16144,19550
KETUNGAU TENGAH,1787,15700,17487
KAYAN HULU,5029,12707,17736
EMPANANG,201,1940,2141
MENTEBAH,1715,3057,4772
BATANG LUPAR,635,2214,2849
PUTUSSIBAU SELATAN,4301,7411,11712
BUNUT HULU,4033,3440,7473
KALIS,1659,6384,8043
SILAT HILIR,2468,7182,9650
BIKA,251,2294,2545
BINJAI HULU,2607,4081,6688
KETUNGAU HILIR,1712,11590,13302
SELIMBAU,2336,4955,7291
BOYAN TANJUNG,2880,3100,5980
SEMITAU,878,3995,4873
EMBALOH HULU,220,2492,2712
SEBERUANG,436,6004,6440
SUHAID,1309,3371,4680
LUMAR,462,3383,3845
SUTI SEMARANG,617,2562,3179
JAGOI BABANG,803,3616,4419
BUNUT HILIR,2094,3057,5151
PURING KENCANA,104,1236,1340
JONGKONG,3214,2734,5948
SUNGAI RAYA,4666,5208,9874
MONTERADO,3363,10207,13570
SUNGAI BETUNG,508,4268,4776
TERIAK,850,7423,8273
EMBALOH HILIR,727,2298,3025
SELUAS,2211,6125,8336
HULU GURUNG,5534,2626,8160
LEMBAH BAWANG,501,2366,2867
MERANTI,1057,5511,6568
SUNGAI RAYA KEPULAUAN,5406,5192,10598
TUJUH BELAS,2524,4740,7264
CAPKALA,793,3111,3904
BANYUKE HULU,781,7877,8658
SIDING,363,2727,3090
LEDO,1271,5846,7117
SAMALANTAN,1606,9796,11402
MENYUKE,2869,16176,19045
KUALA BEHE,2280,8409,10689
SEKADAU HILIR,12641,21454,34095
AIR BESAR,2864,13136,16000
SEKADAU HULU,4095,12297,16392
SANGGAU LEDO,2242,4272,6514
SOMPAK,993,9408,10401
JELIMPO,2358,15321,17679
BENGKAYANG,2540,10584,13124
BELITANG HILIR,3630,10303,13933
MEMPAWAH HULU,1932,21359,23291
SENGAH TEMILA,3991,35825,39816
BELIMBING,4538,9771,14309
PINOH SELATAN,3435,4892,8327
MENJALIN,1025,10957,11982
MANDOR,2831,14278,17109
NANGA TAMAN,3275,12587,15862
SEBANGKI,5394,6104,11498
NGABANG,9248,31249,40497
BELIMBING HULU,2220,4734,6954
PULAU MAYA,3566,2426,5992
SAYAN,5289,7942,13231
PINOH UTARA,5578,5918,11496
SEPONTI,2559,3082,5641
SUNGAI RAYA,57329,47012,104341
TELUK BATANG,4752,3424,8176
NANGA PINOH,15066,11774,26840
SIMPANG HILIR,7403,6403,13806
MENUKUNG,3162,10427,13589
NANGA MAHAP,3381,10754,14135
BELITANG,2481,4461,6942
TANAH PINOH,6332,4771,11103
BELITANG HULU,1493,12457,13950
ELLA HILIR,4788,6729,11517
SUKADANA,7391,4448,11839
TELUK PAKEDAI,5388,3201,8589
SOKAN,6034,6901,12935
SUNGAI AMBAWANG,24972,16621,41593
SINGKAWANG TENGAH,17577,12370,29947
PONTIANAK TENGGARA,14293,9343,23636
TANAH PINOH BARAT,2908,7371,10279
PONTIANAK TIMUR,31481,12740,44221
KEPULAUAN KARIMATA,632,886,1518
PONTIANAK UTARA,34513,29021,63534
SINGKAWANG TIMUR,2089,7834,9923
PONTIANAK SELATAN,19200,27249,46449
BATU AMPAR,9131,6180,15311
KUALA MANDOR B,10661,3869,14530
ARUT UTARA,1589,3886,5475
TERENTANG,2689,2688,5377
SUNGAI KAKAP,35781,18500,54281
SINGKAWANG BARAT,6243,15843,22086
RASAU JAYA,6735,6637,13372
PONTIANAK KOTA,37525,25009,62534
KOTA BESI,2640,5479,8119
SINGKAWANG UTARA,7189,5517,12706
KUBU,10737,8158,18895
PONTIANAK BARAT,45640,22915,68555
PANGKALAN LADA,6837,10940,17777
SINGKAWANG SELATAN,6107,14026,20133
TELAWANG,2278,9310,11588
ANTANG KALANG,1483,7385,8868
KUMAI,14631,10152,24783
ARUT SELATAN,27766,25190,52956
KOTAWARINGIN LAMA,4206,5724,9930
MENTAYA HULU,4118,10643,14761
CEMPAGA,3353,5966,9319
PULAU HANAUT,3120,3880,7000
PANGKALAN BANTENG,6264,9349,15613
MENTAYA HILIR SELATAN,5386,4543,9929
TELUK SAMPIT,2067,2080,4147
TUALAN HULU,1353,4950,6303
SERANAU,2468,2855,5323
DADAHUP,2394,3114,5508
PARENGGEAN,3899,10398,14297
TELAGA ANTANG,2269,7681,9950
MENTAWA BARU KETAPANG,23328,20087,43415
BUKIT SANTUAI,1406,5022,6428
MENTAYA HILIR UTARA,3057,4975,8032
CEMPAGA HULU,2817,9799,12616
KAPUAS TENGAH,1039,5480,6519
TIMPAH,988,3298,4286
BAAMANG,14164,12625,26789
KAPUAS MURUNG,6091,5793,11884
KAPUAS BARAT,4029,4389,8418
KAPUAS KUALA,4770,4539,9309
TAMBAN CATUR,3191,3654,6845
KAPUAS HULU,535,4208,4743
JENAMAS,1969,2254,4223
SELAT,20087,11276,31363
BATAGUH,7811,7929,15740
KARAU KUALA,2584,4846,7430
MANDAU TALAWANG,271,2139,2410
PASAK TALAWANG,604,2399,3003
KAPUAS TIMUR,7219,4399,11618
KAPUAS HILIR,3084,3600,6684
MONTALLAT,0,0,0
GUNUNG PUREI,0,0,0
PULAU PETAK,5036,3795,8831
DUSUN HILIR,3948,3551,7499
MANTANGAI,6179,9578,15757
MENDAWAI,1027,819,1846
BASARANG,4827,3812,8639
KATINGAN KUALA,4553,4998,9551
TEWEH TIMUR,0,0,0
TEWEH TENGAH,0,0,0
GUNUNG TIMANG,0,0,0
DUSUN UTARA,2150,5801,7951
DUSUN SELATAN,12490,14068,26558
TEWEH SELATAN,0,0,0
TEWEH BARU,0,0,0
KATINGAN HULU,1026,2974,4000
BUKIT RAYA,448,1984,2432
SANAMAN MANTIKEI,1167,4357,5524
PETAK MALAI,269,1284,1553
MARIKIT,571,2748,3319
TASIK PAYAWAN,1403,2008,3411
SERUYAN HULU,1837,3671,5508
BATU AMPAR,1546,3407,4953
LAHEI,0,0,0
KAMIPANG,1133,1669,2802
LAHEI BARAT,0,0,0
SERUYAN HILIR,6712,8441,15153
SERUYAN HILIR TIMUR,1874,1703,3577
TEWANG SANGALANG GARING,1268,4607,5875
PULAU MALAN,1150,3049,4199
DANAU SELULUK,3470,7490,10960
KATINGAN HILIR,4907,8912,13819
BULIK,4014,6705,10719
DANAU SEMBULUH,1999,3765,5764
SERUYAN RAYA,2125,7681,9806
SULING TAMBUN,626,821,1447
BALAI RIAM,1218,2692,3910
KATINGAN TENGAH,3673,8836,12509
PERMATA KECUBUNG,928,2340,3268
SUKAMARA,4254,6648,10902
SEPANG SIMIN,0,0,0
HANAU,4827,5678,10505
SERUYAN TENGAH,3573,9003,12576
JELAI,932,1224,2156
MIRI MANASA,0,0,0
BELANTIKAN RAYA,979,1979,2958
KURUN,0,0,0
DELANG,792,1965,2757
LAMANDAU,950,2110,3060
SEMATU JAYA,1811,4149,5960
PANTAI LUNCI,1103,1295,2398
RUNGAN HULU,0,0,0
BATANG KAWA,349,1060,1409
BULIK TIMUR,1279,2250,3529
MENTHOBI RAYA,1565,3671,5236
RUNGAN BARAT,0,0,0
JABIREN,1401,2850,4251
KAHAYAN KUALA,4174,3666,7840
BANAMA TINGANG,626,4299,4925
RUNGAN,0,0,0
MAHUNING RAYA,0,0,0
DAMANG BATU,0,0,0
PANDIH BATU,4552,6173,10725
MIHING RAYA,0,0,0
MANUHING,0,0,0
PERMATA INTAN,2203,2582,4785
KAHAYAN HULU UTARA,0,0,0
UUT MURUNG,381,927,1308
TANAH SIANG SELATAN,457,1732,2189
MALIKU,5122,6908,12030
KAHAYAN TENGAH,685,3638,4323
MURUNG,10398,5786,16184
TEWAH,0,0,0
SEBANGAU KUALA,935,1758,2693
KAHAYAN HILIR,5700,7699,13399
PATANGKEP TUTUI,880,2839,3719
SUNGAI BABUAT,218,1051,1269
SERIBU RIAM,304,1233,1537
RAREN BATUAH,1395,2927,4322
PAHANDUT,21676,19147,40823
DUSUN TENGAH,5297,6576,11873
LAUNG TUHUP,4228,3999,8227
TANAH SIANG,1011,4467,5478
PAJU EPAT,996,1798,2794
BARITO TUHUP RAYA,759,1580,2339
SABANGAU,4008,4054,8062
BUKIT BATU,2195,4143,6338
SUMBER BARITO,773,2111,2884
AWANG,710,2866,3576
KARUSEN JANANG,703,1750,2453
KINTAP,6495,12524,19019
JEKAN RAYA,26344,35339,61683
DUSUN TIMUR,4528,8618,13146
RAKUMPIT,464,1168,1632
PEMATANG KARAU,3344,2984,6328
PAKU,910,3416,4326
BANUA LIMA,1144,2278,3422
BATU AMPAR,6238,6690,12928
TAKISUNG,7242,7522,14764
BUMI MAKMUR,2293,3295,5588
PULAUSEMBILAN,0,0,0
KURAU,2688,3466,6154
KELUMPANG BARAT,0,0,0
PELAIHARI,19918,15205,35123
TAMBANG ULANG,4021,4163,8184
KELUMPANG HILIR,0,0,0
JORONG,5597,7989,13586
PAMUKAN SELATAN,0,0,0
PULAULAUT TENGAH,0,0,0
PAMUKAN UTARA,0,0,0
BATI BATI,9004,10126,19130
PANYIPATAN,4213,6476,10689
SAMPANAHAN,0,0,0
BAJUIN,4386,4436,8822
PAMUKAN BARAT,0,0,0
PULAULAUT TANJUNG SELAYAR,0,0,0
HAMPANG,0,0,0
PULAULAUT TIMUR,0,0,0
SAMBUNG MAKMUR,0,0,0
SUNGAIDURIAN,0,0,0
PULAULAUT KEPULAUAN,0,0,0
PULAULAUT UTARA,0,0,0
PULAULAUT SELATAN,0,0,0
ARANIO,0,0,0
MATARAMAN,0,0,0
PULAUSEBUKU,0,0,0
KELUMPANG TENGAH,0,0,0
BERUNTUNG BARU,0,0,0
MARTAPURA BARAT,0,0,0
SIMPANG EMPAT,0,0,0
KELUMPANG UTARA,0,0,0
PULAULAUT BARAT,0,0,0
KELUMPANG SELATAN,0,0,0
KARANG INTAN,0,0,0
PARAMASAN,0,0,0
TELAGA BAUNTUNG,0,0,0
GAMBUT,0,0,0
ALUH ALUH,0,0,0
KELUMPANG HULU,0,0,0
ASTAMBUL,0,0,0
KERTAK HANYAR,0,0,0
MARTAPURA TIMUR,0,0,0
WANARAYA,3375,4194,7569
PENGAROM,0,0,0
TABUNGANEN,3875,5014,8889
CERBON,1974,2622,4596
SUNGAI PINANG,0,0,0
BAKUMPAI,2544,2275,4819
SUNGAI TABUK,0,0,0
MARTAPURA,0,0,0
RANTAU BADAUH,3814,3621,7435
ALALAK,12862,12154,25016
MEKARSARI,3346,4559,7905
BARAMBAI,3780,3324,7104
TATAH MAKMUR,0,0,0
BINUANG,13102,4788,17890
KURIPAN,1529,1504,3033
BELAWANG,3197,3518,6715
ANJIR MUARA,5356,4948,10304
MARABAHAN,6232,4569,10801
TAPIN SELATAN,6637,3289,9926
TABUKAN,1730,2449,4179
BAKARANGAN,2476,1982,4458
MANDASTANA,3821,4160,7981
SALAM BABARIS,4325,2370,6695
CANDI LARAS UTARA,3611,4377,7988
TAMBAN,7260,7606,14866
ANJIR PASAR,4752,3874,8626
HATUNGUN,3103,2073,5176
LOKSADO,1037,3080,4117
LOKPAIKAT,2795,2538,5333
CANDI LARAS SELATAN,3196,2799,5995
SIMPUR,4801,2714,7515
SUNGAI RAYA,4945,3888,8833
JEJANGKIT,1443,1577,3020
KALUMPANG,1843,1363,3206
DAHA UTARA,7031,6792,13823
PIANI,1512,1693,3205
TAPIN TENGAH,5711,4398,10109
BUNGUR,3562,2748,6310
TAPIN UTARA,8151,4685,12836
PADANG BATUNG,5604,5159,10763
DAHA BARAT,917,2314,3231
ANGKINANG,5313,4034,9347
LABUAN AMAS SELATAN,8580,5780,14360
KANDANGAN,13147,9689,22836
DAHA SELATAN,6379,11190,17569
BATANG ALAI TIMUR,1434,1765,3199
LABUAN AMAS UTARA,7728,5283,13011
HANTAKAN,2496,3484,5980
PAMINGGIR,1837,1549,3386
BANJANG,4627,3585,8212
BARABAI,18714,9099,27813
HARUYAN,6318,4763,11081
DANAU PANGGANG,4883,3812,8695
TELAGA LANGSAT,0,0,0
BATU BENAWA,6293,4516,10809
BATANG ALAI UTARA,5279,4033,9312
BATANG ALAI SELATAN,8100,4989,13089
UPAU,1544,2309,3853
AMUNTAI TENGAH,14729,9945,24674
PUGAAN,2637,1011,3648
AMUNTAI UTARA,6442,3757,10199
JARO,3190,3559,6749
PANDAWAN,11537,5725,17262
SUNGAI PANDAN,7707,5087,12794
MUARA HARUS,1756,1352,3108
SUNGAI TABUKAN,3296,3084,6380
HAUR GADING,4157,3434,7591
LIMPASU,3305,2570,5875
KURANJI,0,0,0
BABIRIK,4556,3736,8292
TANTA,5384,4440,9824
MUARA UYA,5430,6476,11906
BINTANG ARA,2405,2383,4788
KARANG BINTANG,0,0,0
MURUNG PUDAK,14184,10608,24792
BANUA LAWAS,5834,3174,9008
KUSAN HILIR,0,0,0
HALONG,3664,5516,9180
AMUNTAI SELATAN,7944,5079,13023
SIMPANG EMPAT,0,0,0
AWAYAN,3408,3740,7148
TEBING TINGGI,790,2515,3305
LAMPIHONG,4063,4784,8847
TANJUNG,11263,6945,18208
HARUAI,7152,4678,11830
BANJARMASIN TIMUR,27192,28785,55977
SATUI,0,0,0
BATU LICIN,0,0,0
KELUA,8062,3468,11530
LANDASAN ULIN,14219,14957,29176
SUNGAI LOBAN,0,0,0
BANJARMASIN SELATAN,33609,38367,71976
ANGSANA,0,0,0
JUAI,4012,4586,8598
PARINGIN,4899,4127,9026
PARINGIN SELATAN,3761,2963,6724
KUSAN HULU,0,0,0
BANJARMASIN UTARA,36898,30095,66993
BATU SOPANG,3634,5421,9055
MANTEWE,0,0,0
CEMPAKA,7260,7468,14728
TANJUNG HARAPAN,1082,2123,3205
MUARA KOMAM,2245,3534,5779
BANJARBARU SELATAN,11819,10989,22808
BANJARMASIN BARAT,33862,35323,69185
BATU MANDI,4709,4684,9393
LIANG ANGGANG,7174,8927,16101
LIANG ANGGANG,7174,8927,16101
TANAH GROGOT,15253,14730,29983
LIANG ANGGANG,7174,8927,16101
TANAH GROGOT,15253,14730,29983
LONG IKIS,8516,11540,20056
SANGA SANGA,3581,5117,8698
BANJARBARU UTARA,13226,10850,24076
KUARO,6188,7001,13189
BANJARMASIN TENGAH,22261,24492,46753
BATU ENGAU,2344,4277,6621
KENOHAN,1359,3717,5076
MUARA MUNTAI,2260,5523,7783
MUARA JAWA,8006,9043,17049
MUARA JAWA,8006,9043,17049
MUARA SAMU,1072,1764,2836
MUARA JAWA,8006,9043,17049
MUARA SAMU,1072,1764,2836
TENGGARONG,23894,26298,50192
MUARA JAWA,8006,9043,17049
MUARA SAMU,1072,1764,2836
TENGGARONG,23894,26298,50192
PASIR BALENGKONG,5944,6821,12765
LONG KALI,4104,8227,12331
LONG KALI,4104,8227,12331
SAMBOJA,10818,18001,28819
LONG KALI,4104,8227,12331
SAMBOJA,10818,18001,28819
TENGGARONG SEBERANG,12390,20798,33188
LONG KALI,4104,8227,12331
SAMBOJA,10818,18001,28819
TENGGARONG SEBERANG,12390,20798,33188
MARANG KAYU,4917,8010,12927
LONG KALI,4104,8227,12331
SAMBOJA,10818,18001,28819
TENGGARONG SEBERANG,12390,20798,33188
MARANG KAYU,4917,8010,12927
KOTA BANGUN,5243,11149,16392
TABANG,1037,3669,4706
MUARA KAMAN,3958,13989,17947
KEMBANG JANGGUT,2608,7074,9682
TANJUNG REDEB,0,0,0
MUARA BADAK,6634,14631,21265
SEBULU,4766,13279,18045
LOA JANAN,10127,20410,30537
LOA JANAN,10127,20410,30537
ANGGANA,6453,9885,16338
LOA JANAN,10127,20410,30537
ANGGANA,6453,9885,16338
KELAY,0,0,0
LOA JANAN,10127,20410,30537
ANGGANA,6453,9885,16338
KELAY,0,0,0
MUARA WIS,1399,2930,4329
LOA JANAN,10127,20410,30537
ANGGANA,6453,9885,16338
KELAY,0,0,0
MUARA WIS,1399,2930,4329
BATU PUTIH,0,0,0
LOA JANAN,10127,20410,30537
ANGGANA,6453,9885,16338
KELAY,0,0,0
MUARA WIS,1399,2930,4329
BATU PUTIH,0,0,0
LOA KULU,8361,13980,22341
SAMBALIUNG,0,0,0
SAMBALIUNG,0,0,0
TANJUNG PALAS,2952,3393,6345
SEGAH,0,0,0
TELUK BAYUR,0,0,0
PULAU DERAWAN,0,0,0
GUNUNG TABUR,0,0,0
MARATUA,0,0,0
TABALAR,0,0,0
TALISAYAN,0,0,0
TALISAYAN,0,0,0
SEBATIK,0,0,0
TALISAYAN,0,0,0
SEBATIK,0,0,0
TULIN ONSOI,0,0,0
BUNYU,1840,3878,5718
TANJUNG PALAS TIMUR,956,3996,4952
TANJUNG SELOR,6831,11518,18349
TANJUNG PALAS TENGAH,1199,2318,3517
SEBATIK UTARA,0,0,0
SEKATAK,549,3510,4059
PESO ILIR,399,1219,1618
SEBATIK TENGAH,0,0,0
PESO,557,1486,2043
NUNUKAN,0,0,0
SEI MENGGARIS,0,0,0
MENTARANG,594,2021,2615
BIATAN,0,0,0
KAYAN SELATAN,196,1044,1240
SEBATIK TIMUR,0,0,0
SEBATIK BARAT,0,0,0
NUNUKAN SELATAN,0,0,0
SEMBAKUNG,0,0,0
BAHAU HULU,74,743,817
TANJUNG PALAS UTARA,1943,3129,5072
TANJUNG PALAS BARAT,658,1963,2621
MALINAU SELATAN HILIR,224,1093,1317
KRAYAN,0,0,0
LUMBIS OGONG,0,0,0
KAYAN HULU,537,1635,2172
SEBUKU,0,0,0
KRAYAN SELATAN,0,0,0
PUJUNGAN,242,624,866
MALINAU KOTA,2510,6540,9050
MALINAU SELATAN HULU,197,883,1080
MALINAU UTARA,1233,3676,4909
LUMBIS,0,0,0
LONG APARI,1436,867,2303
MENTARANG HULU,137,322,459
MOOK MANAAR BULATN,741,3798,4539
NYUATAN,417,3303,3720
SUNGAI TUBU,53,378,431
KAYAN HILIR,291,651,942
JEMPANG,1146,4916,6062
TERING,1183,4016,5199
LINGGANG BIGUNG,924,7210,8134
BENTIAN BESAR,175,1640,1815
MALINAU SELATAN,513,2710,3223
MALINAU BARAT,982,3293,4275
BARONG TONGKOK,2441,11156,13597
SUNGAI BOH,183,1140,1323
BONGAN,1004,4141,5145
PENYINGGAHAN,497,1147,1644
LONG HUBUNG,1346,2712,4058
MUARA PAHU,1084,3020,4104
LONG PAHANGAI,1047,1438,2485
DAMAI,923,4652,5575
KAUBUN,0,0,0
KALIORANG,0,0,0
MUARA ANCALONG,0,0,0
KOMBENG,1868,6182,8050
SEKOLAQ DARAT,658,5253,5911
SILUQ NGURAI,515,3043,3558
TELEN,1259,3747,5006
LONG BAGUN,1507,2183,3690
RANTAU PULUNG,1156,2853,4009
BUSANG,0,0,0
LONG IRAM,947,2687,3634
MELAK,2271,4324,6595
MUARA BENGKAL,0,0,0
BATU AMPAR,590,2059,2649
KARANGAN,1048,3023,4071
BENGALON,4468,10412,14880
PENAJAM,14285,18947,33232
SANGATTA SELATAN,0,0,0
MUARA LAWA,714,3098,3812
SEPAKU,0,0,0
LAHAM,185,1021,1206
SANDARAN,0,0,0
TELUK PANDAN,1256,4318,5574
LONG MESANGAT,0,0,0
SESAYAP HILIR,0,0,0
BALIKPAPAN TENGAH,20727,33164,53891
BABULU,6886,8711,15597
SANGATTA UTARA,18238,25507,43745
BALIKPAPAN BARAT,19297,25656,44953
WARU,3107,5074,8181
SANGKULIRANG,0,0,0
SUNGAI KUNJANG,25022,31464,56486
SAMARINDA UTARA,18311,27368,45679
SAMARINDA ULU,29889,35084,64973
PALARAN,10153,16772,26925
MUARA WAHAU,0,0,0
TANA LIA,0,0,0
BALIKPAPAN SELATAN,24352,34000,58352
BALIKPAPAN KOTA,18121,25741,43862
SUNGAI PINANG,18281,30327,48608
TARAKAN TIMUR,0,0,0
SESAYAP,0,0,0
SAMARINDA ILIR,14711,20159,34870
SAMARINDA KOTA,6906,11141,18047
TARAKAN BARAT,0,0,0
BALIKPAPAN UTARA,27254,39487,66741
BALIKPAPAN TIMUR,13322,19054,32376
LOA JANAN ILIR,10831,15602,26433
BETAYAU,0,0,0
TARAKAN UTARA,0,0,0
SANG TOMBOLANG,3113,2170,5283
PASSI BARAT,6907,1547,8454
LOLAYAN,8916,3691,12607
SAMARINDA SEBERANG,11054,15859,26913
POIGAR,5678,4073,9751
SAMBUTAN,10158,12544,22702
DUMOGA,3961,3455,7416
TARAKAN TENGAH,0,0,0
BONTANG UTARA,14615,21761,36376
TONDANO BARAT,5290,5546,10836
BOLAANG,6054,2695,8749
TOMBARIRI,5013,5281,10294
LOLAK,7309,6815,14124
TONDANO SELATAN,4410,5863,10273
BILALANG,2263,531,2794
DUMOGA TENGGARA,2872,1356,4228
DUMOGA TENGAH,3068,2680,5748
KAWANGKOAN UTARA,1769,3780,5549
LANGOWAN SELATAN,2492,2614,5106
BONTANG SELATAN,10537,21736,32273
BONTANG BARAT,5605,8615,14220
BOLAANG TIMUR,4188,1535,5723
PASSI TIMUR,3640,2829,6469
DUMOGA TIMUR,5470,5135,10605
DUMOGA BARAT,5346,2746,8092
TOMBULU,3466,6265,9731
TONDANO UTARA,3608,3168,6776
DUMOGA UTARA,4491,3112,7603
MANDOLANG,4809,6399,11208
LANGOWAN UTARA,2214,3310,5524
KAKAS BARAT,2291,3708,5999
PINELENG,7784,8964,16748
TOMBARIRI TIMUR,2649,3012,5661
KAWANGKOAN,2307,4212,6519
TONDANO TIMUR,3905,4837,8742
KAWANGKOAN BARAT,2303,3453,5756
LEMBEAN TIMUR,2283,2891,5174
TAHUNA BARAT,1011,2532,3543
ERIS,2804,3664,6468
LANGOWAN BARAT,4557,5724,10281
KOMBI,2854,4066,6920
TABUKAN SELATAN TENGAH,389,1182,1571
REMBOKEN,2764,4355,7119
KAKAS,3378,4131,7509
TABUKAN UTARA,6068,5400,11468
TOMPASO,1501,3459,4960
TABUKAN SELATAN TENGGARA,188,1131,1319
SONDER,4325,7545,11870
TAMAKO,2372,5660,8032
MANGANITU,1989,6634,8623
TABUKAN TENGAH,1961,4347,6308
LANGOWAN TIMUR,4131,3882,8013
TAHUNA TIMUR,3401,3754,7155
TOMPASO BARAT,2511,3020,5531
BEO UTARA,406,1911,2317
TABUKAN SELATAN,1177,2319,3496
TAHUNA,3446,5335,8781
MANGANITU SELATAN,1603,4340,5943
LIRUNG,1118,2571,3689
PULUTAN,230,1158,1388
KENDAHE,2113,1868,3981
RAINIS,912,2564,3476
GEMEH,651,2480,3131
KEPULAUAN MARORE,307,423,730
MELONGUANE TIMUR,220,1721,1941
TATOARENG,941,1454,2395
ESSANG SELATAN,412,1505,1917
KALONGAN,475,1498,1973
BEO SELATAN,383,1807,2190
MORONGE,372,2030,2402
TATAPAAN,2598,3157,5755
NUSA TABUKAN,1252,526,1778
MAESAAN,2394,3572,5966
MODOINDING,2776,4283,7059
AMURANG,4344,4914,9258
SALIBABU,490,3054,3544
MIANGAS,346,131,477
BEO,911,2199,3110
ESSANG,677,1274,1951
NANUSA,461,1759,2220
AMURANG BARAT,3898,5413,9311
DAMAU,684,2089,2773
MOTOLING BARAT,1890,2978,4868
MELONGUANE,1202,4950,6152
KABARUAN,1036,2326,3362
TUMPAAN,4318,5141,9459
KALAWAT,6755,9630,16385
MOTOLING TIMUR,1469,4055,5524
MOTOLING,2204,2558,4762
KUMELEMBUAI,1645,2712,4357
DIMEMBE,8125,6157,14282
TOMPASO BARU,3422,3503,6925
AMURANG TIMUR,3774,3937,7711
TARERAN,3388,4581,7969
SINONSAYANG,4754,4450,9204
TALAWAAN,5732,5356,11088
KEMA,4541,3985,8526
LIKUPANG SELATAN,1975,1280,3255
TENGA,5314,5611,10925
TOMBATU TIMUR,2330,3434,5764
KAUDITAN,7207,7276,14483
AIRMADIDI,7598,7397,14995
SULUUN TARERAN,2407,2442,4849
SILIAN RAYA,1609,1737,3346
TOULUAAN SELATAN,1568,1005,2573
RANOYAPO,3011,4201,7212
RATAHAN,3677,4341,8018
BINTAUNA,4309,3285,7594
TOMBATU UTARA,2404,2469,4873
WORI,5206,6171,11377
LIKUPANG BARAT,4195,6208,10403
PUSOMAEN,3375,2007,5382
LIKUPANG TIMUR,4026,7160,11186
BELANG,5547,3529,9076
MODAYAG,6265,4451,10716
BOLANGITANG BARAT,4352,3261,7613
TUTUYAN,3710,3102,6812
NUANGAN,5129,2603,7732
SANGKUB,2426,2806,5232
PASAN,1834,2815,4649
MODAYAG BARAT,3671,1475,5146
RATATOTOK,3762,3725,7487
PINOGALUMAN,3215,2675,5890
TOULUAAN,1914,1972,3886
RATAHAN TIMUR,2093,1957,4050
PINOLOSIAN,2984,2449,5433
BUNAKEN,4428,6979,11407
TOMBATU,2757,2446,5203
MAPANGET,10914,15891,26805
PAAL DUA,8885,14326,23211
SINGKIL,10854,14405,25259
POSIGADAN,5509,4442,9951
SARIO,5209,6556,11765
BOLAANG UKI,7350,4511,11861
PINOLOSIAN TIMUR,1804,2110,3914
BOLANGITANG TIMUR,3927,2998,6925
AERTEMBAGA,5372,9769,15141
WANEA,13200,17937,31137
KAIDIPANG,3943,2987,6930
KOTABUNAN,4148,2233,6381
WENANG,8481,10733,19214
PINOLOSIAN TENGAH,1977,983,2960
BUNAKEN KEPULAUAN,1232,2454,3686
MATUARI,6693,8791,15484
TOMOHON BARAT,4416,5000,9416
TOMOHON TIMUR,2929,3626,6555
TUMINITING,11647,15979,27626
LEMBEH SELATAN,1874,3465,5339
MALALAYANG,13513,19726,33239
LEMBEH UTARA,1601,3613,5214
TIKALA,6045,9586,15631
KOTAMOBAGU TIMUR,10392,4909,15301
MAESA,7912,10676,18588
RANOWULU,3990,5826,9816
KOTAMOBAGU SELATAN,11344,3986,15330
TOMOHON UTARA,7144,9131,16275
MADIDIR,6453,10788,17241
LUWUK UTARA,4198,4145,8343
GIRIAN,7739,7894,15633
BATUI,3211,5383,8594
KOTAMOBAGU BARAT,12375,7822,20197
BALANTAK UTARA,977,1198,2175
TOMOHON TENGAH,5233,6321,11554
KOTAMOBAGU UTARA,6292,1642,7934
TOMOHON SELATAN,6415,7323,13738
BALANTAK SELATAN,927,1666,2593
BATUI SELATAN,2206,5029,7235
MOILONG,4040,5870,9910
SIMPANG RAYA,2113,5189,7302
LOBU,831,1140,1971
BUALEMO,4768,4657,9425
KINTOM,2851,2988,5839
LUWUK SELATAN,6049,4642,10691
TOILI BARAT,3782,8036,11818
LUWUK TIMUR,2897,3074,5971
BALANTAK,994,1976,2970
BUNTA,3780,5760,9540
POSO KOTA,5639,4119,9758
NUHON,3357,5721,9078
PAGIMANA,6135,6068,12203
TOILI,6297,11298,17595
MANTOH,1062,2456,3518
LUWUK,8336,8283,16619
LORE PIORE,1005,991,1996
LORE TIMUR,1027,1880,2907
LORE TENGAH,1442,1001,2443
PAMONA BARAT,1656,3432,5088
LAMALA,1348,2169,3517
PAMONA TENGGARA,1739,2196,3935
NAMBO,2615,2102,4717
POSO PESISIR UTARA,3212,4812,8024
MASAMA,2108,4426,6534
POSO PESISIR SELATAN,2954,2473,5427
PAMONA UTARA,2309,5575,7884
POSO KOTA SELATAN,2442,2337,4779
POSO KOTA UTARA,3460,2365,5825
PAMONA SELATAN,4603,5603,10206
LORE BARAT,861,914,1775
LORE SELATAN,1903,1630,3533
LAGE,4840,5829,10669
PAMONA PUSELEMBA,3703,7022,10725
SINDUE TOBATA,1468,2834,4302
BANAWA SELATAN,4895,6430,11325
BANAWA TENGAH,3514,1943,5457
LORE UTARA,2918,3114,6032
SIRENJA,3594,6270,9864
PAMONA TIMUR,2504,3762,6266
DOMPELAS SOJOL,5332,9500,14832
POSO PESISIR,4934,4908,9842
SOJOL UTARA,892,3644,4536
BALAESANG,4402,6222,10624
BAOLAN,13482,16963,30445
BANAWA,8770,7968,16738
TANANTOVEA,4413,4116,8529
RIO PAKAVA,3096,6738,9834
GALANG,5591,10835,16426
PANEMBANI,1966,1644,3610
SINDUE,6339,3985,10324
DONDO,3103,7446,10549
SINDUE TOMBUSABORA,2319,2904,5223
SOJOL,2447,8855,11302
BUKAL,2734,4507,7241
LABUAN,3625,3340,6965
DAMPAL UTARA,2217,3988,6205
OGODEIDE,1859,4234,6093
LAMPASIO,1585,4508,6093
KARAMAT,2088,2366,4454
BUNOBOGU,2210,2292,4502
BASIDONDO,1293,3714,5007
DAKO PEMEAN,1933,2672,4605
DAMPAL SELATAN,1504,9285,10789
BALAESANG TANJUNG,2057,3228,5285
PETASIA TIMUR,0,0,0
TILOAN,2198,2887,5085
BOKAT,3384,3448,6832
GADUNG,2652,2612,5264
MOMUNU,3509,3807,7316
BIAU,6794,6129,12923
BUNGKU BARAT,0,0,0
BAHODOPI,0,0,0
PALELEH BARAT,1414,1613,3027
BUNGKU PESISIR,0,0,0
BUMI RAYA,0,0,0
PALELEH,3232,2863,6095
MAMOSALATO,0,0,0
BUNGKU TIMUR,0,0,0
SOYO JAYA,0,0,0
LEMBO RAYA,0,0,0
MENUI KEPULAUAN,0,0,0
PETASIA BARAT,0,0,0
WITA PONDA,0,0,0
BUNGKU SELATAN,0,0,0
LAKEA,1987,2815,4802
MORIS ATAS,0,0,0
BUKO SELATAN,0,0,0
MORI UTARA,0,0,0
BANGGAI SELATAN,0,0,0
TOTIKUM SELATAN,0,0,0
PETASIA,0,0,0
BOKAN KEPULAUAN,0,0,0
LEMBO,0,0,0
BULAGI,0,0,0
BULAGI UTARA,0,0,0
PELING TENGAH,0,0,0
LIANG,0,0,0
BUNGKU UTARA,0,0,0
TINANGKUNG SELATAN,0,0,0
BUNGKU TENGAH,0,0,0
BANGGAI TENGAH,0,0,0
LABOBO,0,0,0
BUKO,0,0,0
BANGGAI UTARA,0,0,0
TINANGKUNG,0,0,0
TOTIKUM,0,0,0
BULAGI SELATAN,0,0,0
PARIGI,5326,8578,13904
BALINGGI,4046,5640,9686
PALASA,4965,6917,11882
BOLANO,4159,4182,8341
BANGKURUNG,0,0,0
PARIGI BARAT,1979,1950,3929
BANGGAI,0,0,0
TINANGKUNG UTARA,0,0,0
PARIGI TENGAH,2295,2003,4298
TORIBULU,2986,5023,8009
TAOPA,3065,3621,6686
TORUE,3278,6913,10191
SINIU,2721,2241,4962
BOLANO LAMBUNU,4409,6417,10826
TOMINI,4855,3806,8661
TINOMBO,7819,8262,16081
SAUSU,4229,6868,11097
AMPIBABO,5360,5245,10605
PARIGI UTARA,2071,1137,3208
PARIGI SELATAN,3900,7377,11277
ONGKA MALINO,4692,5307,9999
MEPANGA,6782,7486,14268
TANAMBULAVA,2875,1710,4585
DOLO BARAT,5141,2050,7191
GUMBASA,3969,2836,6805
MOUTONG,4963,5606,10569
KULAWI,4279,3984,8263
TINOMBO SELATAN,5464,6925,12389
DOLO SELATAN,5592,1939,7531
MARAWOLA BARAT,1710,2688,4398
LINDU,1171,1620,2791
KASIMBAR,4154,6826,10980
TATANGA,12550,9089,21639
PALU SELATAN,16249,16945,33194
NOKILALAKI,1285,1535,2820
KINOVARO,4045,2029,6074
PIPIKORO,2480,2625,5105
PALU TIMUR,12434,11883,24317
MARAWOLA,8318,3991,12309
SIGI BIROMARU,15899,8366,24265
DOLO,8345,3524,11869
PALU UTARA,5622,5009,10631
MANTIKULORE,17397,14280,31677
BENTENG,3631,6539,10170
PASILAMBENA,1884,1536,3420
PALOLO,6774,8908,15682
KULAWI SELATAN,1922,2758,4680
TAWAELI,5714,5013,10727
PALU BARAT,11274,13643,24917
PASIMASUNGGU TIMUR,1672,1854,3526
BONTOMANAI,2655,4820,7475
KINDANG,4160,10722,14882
BONTOSIKUYU,2825,5228,8053
BONTOHARU,2678,4257,6935
ULUJADI,9504,5899,15403
BONTO TIRO,2837,9824,12661
PASIMASUNGGU,1962,1822,3784
RILAUALE,4529,15787,20316
BISSAPPU,6908,9192,16100
UJUNGLOE,5202,14366,19568
BUKI,1647,2092,3739
BONTOMATENE,2857,4583,7440
ULUERE,1946,3413,5359
TAKA BONERATE,3095,2617,5712
PASIMARANNU,2434,2195,4629
UJUNG BULU,7224,15716,22940
BONTO BAHARI,2094,9419,11513
BANTAENG,8860,9834,18694
PAJUKUKANG,6618,6401,13019
TOMPO BULU,3287,7684,10971
KAJANG,5785,16607,22392
BANGKALA BARAT,4761,7620,12381
BULUKUMPA,6264,20696,26960
GANTARANG,11986,24716,36702
BATANG,6721,2840,9561
KELARA,7132,4960,12092
TURATEA,7698,6708,14406
HERLANG,2889,9719,12608
GANTARANG KEKE,2392,5280,7672
ARUNGKEKE,6794,2857,9651
MAPPAKASUNGGU,1840,6141,7981
GALESONG UTARA,6253,14474,20727
EREMERASA,3516,4623,8139
SINOA,2876,3228,6104
BONTORAMBA,8075,8828,16903
BANGKALA,10648,16105,26753
TAMALATEA,9203,9797,19000
TAROWANG,6200,5059,11259
PARIGI,2045,5618,7663
SANROBONE,2328,4896,7224
RUMBIA,4503,8295,12798
BINAMU,14087,11962,26049
MANGARABOMBANG,6477,12530,19007
POLOMBANGKENG SELATAN,5404,10273,15677
TOMBOLOPAO,4535,9677,14212
POLOMBANGKENG UTARA,11400,15637,27037
BONTOLEMPANGANG,2717,5819,8536
GALESONG SELATAN,4320,9026,13346
PATTALLASSANG,7362,11921,19283
TINGGIMONCONG,3829,9074,12903
PALANGGA,19477,35741,55218
GALESONG,5914,13578,19492
BUNGAYA,2469,6283,8752
TOMPOBULLU,5216,11485,16701
PATTALASANG,3730,9667,13397
BONTONOMPO,11232,13790,25022
SINJAI UTARA,8055,13050,21105
MANUJU,3165,5147,8312
SOMBA UPU,23272,42938,66210
BAROMBONG,6855,13887,20742
BONTONOMPO SELATAN,6763,10815,17578
PARANGLOE,2983,6524,9507
BIRINGBULU,7248,12643,19891
TELLU LIMPOE,5916,10632,16548
SINJAI BARAT,4560,6997,11557
BAJENG BARAT,4873,9911,14784
DUA BOCCOE,2011,14928,16939
BONTOMARANNU,6480,10945,17425
AJANGALE,1722,13045,14767
BAJENG,14734,21661,36395
AWANGPONE,1104,15895,16999
SINJAI BORONG,3019,4694,7713
BULUPODDO,3230,5534,8764
TANETE RIATTANG,4234,21627,25861
SINJAI  SELATAN,6443,12670,19113
TELLU SIATTINGE,2065,19366,21431
BONTOCANI,1630,6827,8457
PALAKKA,1891,10641,12532
SINJAI TIMUR,4904,9715,14619
SINJAI TENGAH,4967,8662,13629
PULAU SEMBILAN,948,2321,3269
TANETE RIATTANG TIMUR,2321,18770,21091
AMALI,1517,10926,12443
TANETE RIATTANG BARAT,3384,18438,21822
TELLULIMPOE,1033,7185,8218
CENRANA,939,12692,13631
KAJUARA,4609,12523,17132
BENGO,1468,12699,14167
KAHU,3507,16801,20308
LIBURENG,2307,14427,16734
LAMURU,1112,11772,12884
TONRA,1034,5924,6958
ULAWENG,2733,11948,14681
PATIMPENG,1568,6522,8090
LAPPARIAJA,1454,12647,14101
MALLLAWA,1724,4939,6663
MANDAI,6516,12687,19203
MONCONG LOE,2903,6345,9248
TOMPOBULU,1699,4984,6683
CENRANA,1464,5984,7448
CINA,1861,12503,14364
BAREBBO,1546,13343,14889
SALOMEKKO,1598,5623,7221
MARE,2586,10283,12869
CAMBA,1240,6293,7533
SIBULUE,1776,15784,17560
PONRE,803,6627,7430
LAU,3391,10260,13651
BANTIMURUNG,3748,12132,15880
SEGERI,1824,8432,10256
BONTOA,2691,12089,14780
PANGKAJENE,6350,16761,23111
MARUSU,4421,10634,15055
SIMBANG,4057,7646,11703
LIUKANG TUPABBIRING UTARA,1050,5677,6727
LIUKANG KALMAS,1804,4528,6332
TANRALILI,5100,6885,11985
TURIKALE,5473,15994,21467
TONDONG TALLASA,1103,4119,5222
MANDALLE,1811,4726,6537
LABAKKANG,7813,14953,22766
TANETE RILAU,2818,15753,18571
TANETE RIAJA,1604,10629,12233
LIUKANG TANGAYA,2770,6494,9264
MAROS BARU,2764,9847,12611
BUNGORO,7841,13878,21719
MINASA TENE,5843,12337,18180
MALLUSETASI,1780,12656,14436
BALOCCI,2532,5889,8421
BARRU,3412,18125,21537
LIUKANG TUPABBIRING,1435,7786,9221
MARANG,5292,10618,15910
SOPPENG RIAJA,1715,8056,9771
MARIORIAWA,2137,14539,16676
LILIRILAU,3447,18838,22285
LALABATA,4379,21783,26162
BALUSU,1184,9051,10235
PUJANANTING,1277,4821,6098
BOLA,0,0,0
MARIORIWAWO,3769,20457,24226
SABANGPARU,0,0,0
MAJAULENG,0,0,0
BELAWA,0,0,0
LILIRIAJA,2374,12899,15273
PITUMPANUA,0,0,0
GILIRENG,0,0,0
TANASITOLO,0,0,0
TEMPE,0,0,0
KEERA,0,0,0
DONRI DONRI,1489,12046,13535
CITTA,974,3268,4242
GANRA,1076,5729,6805
PANCA LAUTANG,1099,8889,9988
MANIANGPAJO,0,0,0
KULO,1409,5153,6562
TAKKALALLA,0,0,0
TELLU LIMPOE,3115,10380,13495
PITU RIAWA,2923,11684,14607
PENRANG,0,0,0
DUA PITUE,2774,12804,15578
SAJOANGING,0,0,0
BATU LAPPA,1334,3920,5254
PAMMANA,0,0,0
CEMPA,1855,7360,9215
LEMBANG,0,0,0
MATIRRO SOMPE,2730,11963,14693
MARITENGNGAE,4629,21492,26121
PITU RIASE,2212,9239,11451
TIROANG,0,0,0
WATANG PULU,4310,12557,16867
MASALLE,1701,4537,6238
LANRISANG,1900,8241,10141
MAIWA,3733,8964,12697
BARANTI,3131,13517,16648
DUAMPANUA,4658,17165,21823
PANCA RIJANG,3708,12151,15859
CURIO,3004,4628,7632
BASSE SANGTEMPE,705,3221,3926
MALUA,2055,2152,4207
ANGGERAJA,5083,8077,13160
BARAKA,5530,5745,11275
SUPPA,2587,13745,16332
PATAMPANUA,4613,11696,16309
BUNTU BATU,2592,4570,7162
KAMANRE,1429,4346,5775
MATTIRO BULU,2989,12846,15835
WATANG SAWITO,6848,19833,26681
CENDANA,1891,2737,4628
WALENRANG UTARA,4331,7626,11957
PALETEANG,5193,13124,18317
BUNGIN,1076,1491,2567
ALLA,4622,5945,10567
WALENRANG TIMUR,3142,5348,8490
SULI,2795,7453,10248
LAROMPONG,2863,8972,11835
LAMASI TIMUR,1935,4226,6161
SULI BARAT,830,4166,4996
LATIMOJONG,957,2190,3147
BAJO BARAT,1463,3510,4973
PONRANG,4558,9108,13666
BELOPA UTARA,2341,5254,7595
BAROKO,1914,3501,5415
ENREKANG,6609,10063,16672
LAROMPONG SELATAN,1766,7184,8950
SANGALLA UTARA,983,3004,3987
PONRANG SELATAN,3871,10335,14206
SANGALLA SELATAN,977,2786,3763
WALENRANG BARAT,2824,4132,6956
BELOPA,3004,5845,8849
MAKALE UTARA,1619,4830,6449
MASANDA,726,1800,2526
LAMASI,5601,5629,11230
WALENRANG,4940,8375,13315
RANO,995,1648,2643
BUA,4287,10712,14999
SIMBUANG,1122,1841,2963
MAPPAK,749,2338,3087
BAJO,3901,5518,9419
BUA PONRANG,2733,5233,7966
MALIMBONG BALEPE,870,2781,3651
MAKALE SELATAN,1914,3586,5500
BASSE SANGTEMPE UTARA,807,3394,4201
MALANGKE,2062,11021,13083
MENGKENDEK,4374,9952,14326
MALANGKE BARAT,2418,9047,11465
SANGALLA,1041,2542,3583
BAEBUNTA,7515,15564,23079
BONGGAKARADENG,984,1841,2825
SEKO,3845,3126,6971
KURRA,515,1832,2347
SALUPUTI,1072,2673,3745
MAPPEDECENG,3669,8870,12539
MANGKUTANA,3958,7090,11048
REMBON,2599,6051,8650
GANDANGBATU SILLANAN,2542,6997,9539
MAKALE,5060,11447,16507
WOTU,4691,10094,14785
TOMONI TIMUR,2417,4740,7157
MASAMBA,4654,11692,16346
MALILI,5040,11226,16266
RANTETAYO,1495,4148,5643
LIMBONG,837,771,1608
TOMONI,4609,7667,12276
BUNTU PEPASAN,2170,6947,9117
SABBANG,6339,12082,18421
TANA LILI,4268,7237,11505
RAMPI,468,1018,1486
SUKAMAJU,10048,12952,23000
BITTUANG,1579,4535,6114
ANGKONA,3714,7983,11697
BALUSU,1470,3459,4929
RANTEBUA,1891,4844,6735
BONE BONE,4915,8083,12998
SANGGALANGI,2051,3824,5875
BURAU,4434,10803,15237
KALAENA,1809,4287,6096
TONDON,2792,3844,6636
NUHA,4373,5487,9860
KAPALA PITU,795,1823,2618
SESEAN SULOARA,963,2682,3645
MARISO,9636,17432,27068
RANTEPAO,3787,8020,11807
NANGGALA,2019,3641,5660
TOWUTI,5412,8778,14190
TALLUNGLIPU,2886,6013,8899
WASUPONDA,2872,5677,8549
UJUNG TANAH,5646,17706,23352
TIKALA,1613,3325,4938
WAJO,2845,12745,15590
SOPAI,2535,4009,6544
PANAKUKKANG,18437,45870,64307
MANGGALA,17896,42748,60644
TAMALANREA,15215,29906,45121
SESEAN,1714,3999,5713
MAKASAR,10666,28272,38938
BONTOALA,5664,20158,25822
RINDINGALLO,952,3099,4051
AWAN RANTE KARUA,620,1601,2221
BIRINGKANAYA,25507,57225,82732
TALLO,16709,45729,62438
RAPPOCINI,23014,50226,73240
MAMAJANG,8957,17778,26735
WARA SELATAN,1634,3401,5035
TAMALATE,23292,51303,74595
WARA UTARA,3184,6299,9483
UJUNG,4720,11915,16635
BACUKIKI BARAT,5272,15822,21094
UJUNG PANDANG,3409,10255,13664
MUNGKAJANG,1184,2704,3888
BACUKIKI,2211,6414,8625
WARA,4667,9394,14061
TELLUWANUA,2517,3691,6208
SAMATURU,3515,6943,10458
TANGGETADA,2143,4552,6695
SOREANG,5877,17060,22937
LAMBANDIA,2298,11517,13815
LALOLAE,976,723,1699
WARA BARAT,1870,3155,5025
TOARI,1858,2553,4411
WARA TIMUR,4804,10468,15272
SENDANA,1057,1987,3044
WOLO,4288,7258,11546
POLINGGONA,935,1821,2756
KOLAKA,9152,8372,17524
MOWEWE,2756,1322,4078
BARA,4772,7403,12175
LADONGI,4375,8020,12395
ULUIWOI,2552,1296,3848
TINONDO,1534,1954,3488
TINONDO,1534,1954,3488
WUNDULAKO,6069,3864,9933
ANGGABERI,2966,997,3963
POMALAA,5687,7541,13228
TIRAWUTA,3289,3320,6609
BESULUTU,2131,1615,3746
BAULA,2665,2427,5092
LAMBUYA,2059,1421,3480
WAWONII TENGAH,558,913,1471
WAWONII TIMUR LAUT,1155,795,1950
LATAMBAGA,5256,7933,13189
UEPAI,3743,2935,6678
WATUBANGGA,2195,5230,7425
ROUTA,277,1540,1817
BONDOALA,3001,1547,4548
LOEA,1352,2115,3467
MELUHU,1340,1460,2800
PONDIDAHA,3623,2123,5746
WAWONII SELATAN,1483,841,2324
KAPOIALA,1301,1072,2373
WAWONII TENGGARA,1987,1312,3299
WAWONII TIMUR,1215,598,1813
AMONGGEDO,2861,2967,5828
KONAWE,2855,1439,4294
TONGAUNA,4971,3946,8917
ASINUA,629,775,1404
MAGINTI,1826,1688,3514
UNAAHA,6490,5220,11710
LALONGGASUMEETO,1823,945,2768
LATOMA,735,390,1125
WONGGEDUKU,7032,4378,11410
WAWOTOBI,6238,4360,10598
PURIALA,2830,1408,4238
WAWONII BARAT,1576,1681,3257
TONGKUNO,3262,2121,5383
BONE,1622,804,2426
TONGKUNO SELATAN,930,1335,2265
SAMPARA,5154,1800,6954
SOROPIA,2641,1853,4494
ABUKI,3698,4018,7716
ONEMBUTE,1772,1676,3448
WAWONII UTARA,1356,1513,2869
BARANGKA,1690,965,2655
TIWORO KEPULAUAN,1810,1257,3067
PASIR PUTIH,1124,740,1864
LAWA,1866,1299,3165
MAROBO,1023,1534,2557
PARIGI,2490,1710,4200
KABAWO,2869,1901,4770
KABANGKA,2146,2348,4494
SEWERGADI,62,79,141
KUSAMBI,2535,1919,4454
NAPABALANO,2730,1598,4328
BATALAIWARU,3129,1865,4994
KONTU KOWUNA,1139,585,1724
TIWORO SELATAN,969,1331,2300
WA DAGA,1303,911,2214
TOWEA,1382,730,2112
BATUKARA,478,575,1053
PASI KOLAGA,1069,579,1648
LOHIA,3458,2102,5560
NAPANO KUSAMBI,1056,847,1903
DURUKA,3004,2103,5107
LASALIMU SELATAN,2498,2962,5460
MAWASANGKA TENGAH,2077,1871,3948
TIWORO TENGAH,1528,1710,3238
MALIGANO,1200,1156,2356
WAKORUMBA SELATAN,1091,658,1749
SIOMPU BARAT,1925,1034,2959
KONTUNAGA,1919,1290,3209
WATOPUTE,2870,2208,5078
MAWASANGKA TIMUR,1540,875,2415
BATAUGA,2571,4325,6896
LASALEPA,2950,1581,4531
WOLOWA,755,1667,2422
WABULA,951,1722,2673
SANGIA WAMBULU,2598,892,3490
LAPANDEWA,1560,1671,3231
G U,7341,2910,10251
KATOBU,8082,4828,12910
LASALIMU,1716,3419,5135
TIWORO UTARA,1313,1135,2448
MAWASANGKA,4526,5360,9886
KAPONTORI,3403,3607,7010
PASARWAJO,5645,12815,18460
LAKUDO,5643,4534,10177
SIOTAPINA,1709,3989,5698
TINANGGEA,4743,6038,10781
SIOMPU,1511,2503,4014
LALEMBUU,2506,6209,8715
LAONTI,2815,1852,4667
BATU ATAS,676,2216,2892
SAMPOLAWA,2916,6423,9339
ANDOOLO,4009,3923,7932
MORAMO UTARA,1773,2109,3882
TELAGA RAYA,1120,2896,4016
BASALA,677,3619,4296
MOWILA,2428,4203,6631
RANOMEETO,4481,3136,7617
PALANGGA SELATAN,1331,1839,3170
ANGATA,3468,3687,7155
LAINEA,2054,2446,4500
LANDONO,3175,3524,6699
KADATUA,2112,1476,3588
LAEYA,4958,4171,9129
BENUA,1198,3498,4696
BAITO,1667,1989,3656
MORAMO,3681,3629,7310
WOLASI,1347,1237,2584
KABAENA BARAT,1236,2082,3318
KOLONO,3025,4104,7129
KABAENA SELATAN,1084,552,1636
PALANGGA,3677,2642,6319
TONTONUNU,689,1808,2497
BUKE,2594,4560,7154
POLEANG TENGAH,458,1351,1809
RANOMEETO BARAT,2191,1468,3659
KONDA,4943,4268,9211
KABAENA TENGAH,1074,617,1691
POLEANG BARAT,1927,3664,5591
POLEANG,2231,4996,7227
KABAENA TIMUR,1180,1821,3001
KABAENA UTARA,760,938,1698
POLEANG TENGGARA,514,1190,1704
KALEDUPA,1618,3381,4999
RAROWATU UTARA,1389,2080,3469
RUMBIA TENGAH,1006,1806,2812
POLEANG SELATAN,576,2478,3054
RAROWATU,1281,1257,2538
TOGO BINONGKO,726,1428,2154
POLEANG TIMUR,1125,3385,4510
RUMBIA,1925,2635,4560
PAKUE UTARA,927,3044,3971
POREHU,931,2339,3270
KATOI,711,2519,3230
TOMIA TIMUR,816,3422,4238
LANTARI JAYA,1696,2223,3919
MATA USU,282,551,833
LASUSUA,3020,8644,11664
MATA OLEO,1537,1406,2943
TIWU,540,1909,2449
TOMIA,1099,2588,3687
POLEANG UTARA,0,0,0
PAKUE,1124,3784,4908
KABAENA,868,595,1463
LAMBAI,590,2670,3260
PAKUE TENGAH,895,3104,3999
BINONGKO,1252,2407,3659
WANGI WANGI SELATAN,4273,7920,12193
KALEDUPA SELATAN,897,2502,3399
RANTE ANGIN,653,2181,2834
ASERA,1910,1849,3759
LEMBO,1399,1208,2607
NGAPA,1919,9334,11253
KULISUSU,4343,6871,11214
LASOLO,2852,3388,6240
TOLALA,271,1212,1483
WAWO,1031,2282,3313
WATUNOHU,499,3560,4059
MOTUI,676,1098,1774
BONEGUNU,1307,2386,3693
KULISUSU BARAT,1140,1829,2969
LANGGIKIMA,901,1578,2479
WAKORUMBA UTARA,1459,1575,3034
ANDOWIA,1320,1884,3204
KODEOHA,1023,4434,5457
PUUWATU,8297,8003,16300
KAMBOWA,994,2062,3056
ABELI,5658,6465,12123
KULISUSU UTARA,1765,2416,4181
MOLAWE,1110,1803,2913
BATU PUTIH,1260,3012,4272
KENDARI,6397,7410,13807
WOLIO,8115,9768,17883
SAWA,981,1382,2363
OHEO,1325,1200,2525
MURHUM,3968,5653,9621
MANDONGA,8626,10097,18723
POASIA,6554,7268,13822
WIWIRANO,1771,2888,4659
KADIA,9703,10143,19846
KENDARI BARAT,9274,12711,21985
BATUPOARO,4798,8032,12830
LIMBOTO BARAT,10107,3890,13997
BILATO,3187,2006,5193
LIMBOTO,18154,7695,25849
KAMBU,6205,6121,12326
BUNGI,1468,2253,3721
SORA WALIO,1509,1645,3154
KOKALUKUNA,3464,4453,7917
ASPARAGA,4625,2337,6962
BARUGA,4871,5547,10418
BONGOMEME,7864,2855,10719
BATUDAA,5747,2107,7854
PULUBALA,9765,3247,13012
BETOAMBARI,3826,3905,7731
TIBAWA,14506,6567,21073
TABONGO,7036,2526,9562
BILUHU,2848,1735,4583
TILANGO,5072,2470,7542
PAGUYAMAN,10782,6992,17774
TELAGA BIRU,9991,5176,15167
BATUDAA PANTAI,4207,1771,5978
BOLIYOHUTO,5201,4600,9801
TALAGA JAYA,3584,2442,6026
TELAGA,7012,4863,11875
WONOSARI,8151,7155,15306
BULAWA,2047,685,2732
SUWAWA SELATAN,1479,1349,2828
SUWAWA TENGAH,2045,1332,3377
TILAMUTA,8771,6857,15628
DUNGALIYO,6484,2888,9372
MOOTILANGO,6837,3359,10196
TOLANGOHULA,7907,4655,12562
BULANGO TIMUR,2222,977,3199
BONE RAYA,2360,1251,3611
PAGUYAMAN PANTAI,2423,2005,4428
TILONGKABILA,6466,3674,10140
MANANGGU,3588,3009,6597
TAPA,3039,1168,4207
SUWAWA,4027,2585,6612
DULUPI,4729,3831,8560
BONE,3266,1763,5029
POPAYATO TIMUR,2253,2060,4313
KABILA BONE,3510,2244,5754
BOTUMOITO,4685,3330,8015
BULANGO SELATAN,3866,2137,6003
BULANGO ULU,1510,592,2102
DUHIADAA,3139,2648,5787
SUWAWA TIMUR,1662,1279,2941
KABILA,7763,4896,12659
DENGILO,1928,1176,3104
BOTUPINGGE,2444,1136,3580
PATILANGGIO,3043,1744,4787
POPAYATO,3062,2237,5299
PAGUAT,5011,3582,8593
RANDANGAN,4290,4193,8483
BIAU,1488,1291,2779
PONELO KEPULAUAN,1711,393,2104
BULANGO UTARA,2877,1386,4263
BONEPANTAI,3727,1823,5550
BUNTULIA,2705,3056,5761
PINOGU,685,397,1082
WANGGARASI,1226,1326,2552
TOLINGGULA,3435,1484,4919
KWANDANG,9413,4548,13961
GENTUMA RAYA,3223,1648,4871
KOTA BARAT,7928,3996,11924
DUNGINGI,6624,5148,11772
TALUDITI,2192,2057,4249
SUMALATA TIMUR,2361,1391,3752
ATINGGOLA,3974,2150,6124
SIPATANA,5745,3746,9491
KOTA SELATAN,6363,4487,10850
MONANO,2260,1335,3595
ANGGREK,5536,2475,8011
MARISA,4492,4063,8555
KOTA TIMUR,9066,4758,13824
KOTA TENGAH,8447,5045,13492
POPAYATO BARAT,1448,1895,3343
DAPURANG,674,5534,6208
TIKKE RAYA,1753,5009,6762
LEMITO,3154,2089,5243
KOTA UTARA,6437,3536,9973
TOMOLITO,3290,1301,4591
DUMBO RAYA,5948,3991,9939
SUMALATA,3578,2145,5723
BULU TABA,1138,3789,4927
DURIPOKU,607,1802,2409
PEDONGGA,1280,2178,3458
MAMUJU,0,0,0
SARJO,997,2237,3234
BAMBAIRA,1083,2774,3857
HULONTHALANGI,5707,3461,9168
BAMBALAMOTU,2610,5562,8172
SARUDU,1541,5106,6647
SAMPAGA,1336,6195,7531
SIMBORO DAN KEPULAUAN,0,0,0
BARAS,1772,6083,7855
BONEHAU,1501,3443,4944
PANGALE,1722,4801,6523
KALUMPANG,2133,4718,6851
KAROSSA,2042,8478,10520
NOSU,552,2539,3091
TOPOYO,2547,12542,15089
TAPALANG BARAT,1167,3035,4202
LARIANG,626,2498,3124
TOBADAK,2670,9737,12407
PASANGKAYU,2828,8261,11089
TOMMO,0,0,0
KALUKKU,0,0,0
TAPALANG,0,0,0
PAPALANG,2871,7633,10504
TANDUK KALUA,1107,3168,4275
RANTEBULAHAN TIMUR,625,3544,4169
MAMBI,2024,4690,6714
MEHALAAN,809,2069,2878
TAWALIAN,880,2856,3736
BUNTUMALANGKA,2397,2876,5273
BAMBANG,1516,6431,7947
TABANG,729,1788,2517
ALLU,2547,3695,6242
TABULAHAN,1439,6337,7776
ARALLE,1561,3706,5267
MAPILLI,4620,9179,13799
BALLA,547,3476,4023
MESSAWA,513,3246,3759
LIMBORO,3732,5292,9024
LUYO,4264,8575,12839
SUMARORONG,1287,4341,5628
MATAKALI,3423,7550,10973
MAMASA,1756,9079,10835
WONOMULYO,10196,15291,25487
TINAMBUNG,3624,8106,11730
SESENAPADANG,690,3257,3947
TUTAR,2839,6572,9411
PANA,1278,4253,5531
BANGGAE,5096,15333,20429
ANREAPI,1398,3518,4916
BALANIPA,3782,8701,12483
BULO,1512,4050,5562
MATANGNGA,1040,1425,2465
TUBO SENDANA,1160,3598,4758
TAPANGO,3682,7334,11016
TELUK ELPAPUTIH,0,0,0
CAMPALAGIAN,8922,16828,25750
SENDANA,2895,8480,11375
POLEWALI,8007,18529,26536
SERAM UTARA BARAT,0,0,0
BINUANG,3789,11784,15573
ULUMUNDA,900,3560,4460
PAMBOANG,2158,9094,11252
SALAHUTU,0,0,0
BANGGAE TIMUR,3935,11203,15138
LEIHITU,0,0,0
SERAM UTARA TIMUR KOBI,0,0,0
TAMMERODO SENDANA,1240,4649,5889
NUSA LAUT,0,0,0
MALUNDA,1787,6936,8723
BANDA,0,0,0
TEHORU,0,0,0
TELUTIH,0,0,0
LEIHITU BARAT,0,0,0
KOTA MASOHI,0,0,0
AMAHAI,0,0,0
SERAM UTARA TIMUR SETI,0,0,0
SERAM UTARA,0,0,0
TEON NILA SERUA,0,0,0
PULAU HARUKU,0,0,0
KEI BESAR UTARA TIMUR,2388,3067,5455
KEI BESAR,3483,8115,11598
TANIMBAR SELATAN,0,0,0
NIRUNMAS,0,0,0
KEI KECIL TIMUR,3354,3245,6599
YARU,0,0,0
SAPARUA,0,0,0
SAPARUA TIMUR,0,0,0
MOLU MARU,0,0,0
WUAR LABOBAR,0,0,0
KEI BESAR SELATAN,2491,2436,4927
KEI KECIL BARAT,340,2955,3295
KORMOMOLIN,0,0,0
WAEAPO,3994,2496,6490
LOLONG GUBA,3867,2147,6014
SELARU,0,0,0
TELUK KAIELY,1790,617,2407
BATABUAL,2898,2078,4976
TANIMBAR UTARA,0,0,0
KEI KECIL,5888,14111,19999
KIAN DARAT,0,0,0
NAMLEA,13529,4749,18278
KILMURY,0,0,0
BULA,0,0,0
WER MAKTIAN,0,0,0
WAELATA,3958,2549,6507
WER TAMRIAN,0,0,0
AIR BUAYA,3310,2654,5964
WAPLAU,3621,2139,5760
TUTUK TOLU,0,0,0
LILIALY,3961,1376,5337
SIWALALAT,0,0,0
TANIWEL TIMUR,1231,1830,3061
BULA BARAT,0,0,0
INAMOSOL,0,0,0
FENA LEISELA,0,0,0
PULAU PANJANG,0,0,0
PULAU GORONG,0,0,0
KEPULAUAN MANIPA,3365,1261,4626
SIRITAUN WIDA TIMUR,0,0,0
SERAM TIMUR,0,0,0
WAKATE,0,0,0
HUAMUAL,0,0,0
TEOR,0,0,0
GOROM TIMUR,0,0,0
ARU TENGAH TIMUR,630,1622,2252
WERINAMA,0,0,0
KAIRATU,208,208,416
ARU UTARA,982,1936,2918
TELUK WARU,0,0,0
ARU UTARA TIMUR BATULEY,1112,1117,2229
TANIWEL,3237,3580,6817
PULAU LETI,1399,2543,3942
ARU SELATAN,764,2512,3276
KAIRATU BARAT,0,0,0
ELPAPUTIH,605,1607,2212
WETAR,1628,2919,4547
ARU SELATAN TIMUR,698,1376,2074
DAMER,738,1964,2702
SERAM BARAT,0,0,0
AMALATU,5061,3497,8558
MOA LAKOR,1369,4168,5537
NAMROLE,0,0,0
HUAMUAL BELAKANG,8647,5142,13789
ARU TENGAH,1244,4924,6168
MNDONA HIERA,430,2366,2796
ARU TENGAH SELATAN,1040,1647,2687
ARU SELATAN UTARA,593,1478,2071
WAESAMA,0,0,0
NUSANIWE,15705,32910,48615
PULAU DULLAH SELATAN,0,0,0
TELUK AMBON,9972,10667,20639
LEITIMUR SELATAN,622,4502,5124
JAILOLO,8332,6946,15278
FENA FAFAN,0,0,0
KEPALA MADAN,0,0,0
AMBALAU,0,0,0
LEKSULA,0,0,0
SIRIMAU,41477,34658,76135
PULAU DULLAH UTARA,0,0,0
BAGUALA,8360,18007,26367
WEDA SELATAN,1230,1594,2824
SAHU TIMUR,1501,3227,4728
LOLODA,2455,3894,6349
IBU,3183,2284,5467
PATANI,1260,834,2094
WEDA TENGAH,985,1028,2013
IBU SELATAN,2519,3094,5613
IBU UTARA,1816,2651,4467
JAILOLO SELATAN,4184,3408,7592
KUR SELATAN,0,0,0
SAHU,2319,3286,5605
PULAU GEBE,1510,1291,2801
GALELA,3018,741,3759
TAYANDO TAM,0,0,0
JAILOLO TIMUR,0,0,0
PATANI BARAT,1163,1006,2169
PATANI UTARA,3074,3098,6172
WEDA,1581,1949,3530
TOBELO UTARA,0,0,0
KAO UTARA,0,0,0
WEDA UTARA,1704,2341,4045
TOBELO TIMUR,0,0,0
LOLODA UTARA,2460,3241,5701
KAO TELUK,2113,1408,3521
TOBELO,4846,7549,12395
TOBELO BARAT,0,0,0
KAO BARAT,1287,3220,4507
GALELA SELATAN,3011,1278,4289
TOBELO TENGAH,0,0,0
KAO,0,0,0
GALELA BARAT,2797,2132,4929
TOBELO SELATAN,0,0,0
GANE TIMUR SELATAN,0,0,0
KEPULAUAN JORONGA,1981,1021,3002
BACAN SELATAN,0,0,0
LOLODA KEPULAUAN,1922,1435,3357
GANE BARAT UTARA,2295,948,3243
GALELA UTARA,0,0,0
BACAN TIMUR TENGAH,2572,1502,4074
KEPULAUAN BOTANGLOMANG,2122,1619,3741
MANDIOLI UTARA,0,0,0
MALIFUT,0,0,0
OBI SELATAN,0,0,0
BACAN TIMUR SELATAN,1834,1245,3079
PULAU MAKIAN,4944,3019,7963
MANDIOLI SELATAN,1612,1124,2736
OBI,3631,3040,6671
BACAN TIMUR,0,0,0
GANE BARAT SELATAN,0,0,0
OBI TIMUR,0,0,0
KAYOA,3094,1459,4553
GANE TIMUR TENGAH,0,0,0
BACAN BARAT UTARA,0,0,0
OBI BARAT,0,0,0
GANE TIMUR,2097,2460,4557
BACAN BARAT,1603,804,2407
KASIRUTA BARAT,0,0,0
TALIABU BARAT LAUT,0,0,0
KAYOA SELATAN,1711,1448,3159
KASIRUTA TIMUR,1045,1073,2118
TALIABU UTARA,0,0,0
MANGOLI UTARA,0,0,0
TALIABU SELATAN,0,0,0
OBI UTARA,0,0,0
GANE BARAT,0,0,0
KAYOA BARAT,1667,689,2356
MAKIAN BARAT,1925,405,2330
MANGOLI SELATAN,0,0,0
SANANA UTARA,0,0,0
SULABESI TIMUR,0,0,0
BACAN,4538,3794,8332
KAYOA UTARA,1172,648,1820
MANGOLI TENGAH,0,0,0
LEDE,0,0,0
MANGOLI TIMUR,0,0,0
MANGOLI UTARA TIMUR,0,0,0
MANGOLI BARAT,0,0,0
MABA UTARA,1768,2110,3878
TALIABU BARAT,0,0,0
WASILE,2742,2096,4838
WASILE TIMUR,3120,1620,4740
SULABESI TENGAH,0,0,0
SULABESI BARAT,0,0,0
MABA,2159,2405,4564
MABA TENGAH,1331,1579,2910
MABA SELATAN,1693,1633,3326
SULABESI SELATAN,0,0,0
WASILE TENGAH,1441,1283,2724
TALIABU TIMUR SELATAN,0,0,0
MOROTAI SELATAN BARAT,3507,3268,6775
SANANA,0,0,0
MOROTAI SELATAN,9896,2714,12610
PULAU TERNATE,5363,2923,8286
KOTA MABA,3253,2481,5734
PULAU MOTI,1435,740,2175
MOROTAI TIMUR,4136,1800,5936
MOROTAI UTARA,4180,1943,6123
PULAU HIRI,1533,460,1993
MOROTAI JAYA,2983,1678,4661
OBA UTARA,3989,3526,7515
WASILE SELATAN,3461,3460,6921
PULAU BATANG DUA,513,856,1369
WASILE UTARA,896,1485,2381
TIDORE SELATAN,4054,3388,7442
TIDORE UTARA,4878,4178,9056
KOTA TERNATE UTARA,14462,6523,20985
KOTA TERNATE TENGAH,14474,8731,23205
OBA TENGAH,2248,2017,4265
ILWAYAB,0,0,0
KOTA TERNATE SELATAN,16263,9880,26143
MERAUKE,0,0,0
TIDORE,4815,4765,9580
OKABA,0,0,0
KAPTEL,0,0,0
OBA,3709,2789,6498
TUBANG,0,0,0
NGGUTI,0,0,0
KURIK,0,0,0
TIDORE TIMUR,2489,1905,4394
NAUKENJERAI,0,0,0
OBA SELATAN,1489,1272,2761
WAAN,0,0,0
TANAH MIRING,0,0,0
MALIND,0,0,0
SOTA,0,0,0
TABONJI,0,0,0
MUTING,0,0,0
WADANGKU,0,0,0
WAMENA,0,0,0
LIBAREK,0,0,0
SEMANGGA,0,0,0
KIMAAM,0,0,0
USILIMO,0,0,0
JAGEBOB,0,0,0
ELIKOBAL,0,0,0
ULILIN,0,0,0
ANIMHA,0,0,0
TAGINERI,0,0,0
MAIMA,0,0,0
PIRAMID,0,0,0
TAGIME,0,0,0
KORAGI,0,0,0
PISUGI,0,0,0
MOLAGALOME,0,0,0
BIPIRI,0,0,0
HUBIKOSI,0,0,0
WELESI,0,0,0
ASOTIPO,0,0,0
PELEBAGA,0,0,0
ITLAY HISAGE,0,0,0
MUSATFAK,0,0,0
WITA WAYA,0,0,0
ASOLOGAIMA,0,0,0
MULIAMA,0,0,0
WALELAGAMA,0,0,0
SIEPKOSI,0,0,0
WOLO,0,0,0
BUGI,0,0,0
WOUMA,0,0,0
HUBIKIAK,0,0,0
SILO KARNO DOGA,0,0,0
TRIKORA,0,0,0
WESAPUT,0,0,0
TAELAREK,0,0,0
RAVENI RARA,134,1652,1786
GRESI  SELATAN,25,676,701
IBELE,0,0,0
BOLAKME,0,0,0
WALAIK,0,0,0
KURULU,0,0,0
KAUREH,2068,4892,6960
YALENGGA,0,0,0
ASOLOKOBAL,0,0,0
YAPSI,1907,1188,3095
WAIBU,2437,5828,8265
UNURUM GUAY,250,1137,1387
NAMBLUONG,952,1142,2094
NAPUA,0,0,0
DEPAPRE,489,1968,2457
SENTANI TIMUR,950,3343,4293
SENTANI BARAT,637,1431,2068
SENTANI,18424,24796,43220
WAME,0,0,0
POPUGOBA,0,0,0
MOORA,0,0,0
WAPOGA,0,0,0
DIPA,0,0,0
EBUNGFA,320,1383,1703
NIMBORAN,470,2553,3023
KEMTUK,472,2063,2535
AIRU,216,861,1077
KEMTUK GRESI,301,2260,2561
NABIRE,0,0,0
NIMBOKRANG,2555,1419,3974
DEMTA,308,1488,1796
TELUK UMAR,0,0,0
TELUK KIMI,0,0,0
MAKIMI,0,0,0
NABIRE BARAT,0,0,0
SIRIWO,0,0,0
YAPEN SELATAN,0,0,0
MENOU,0,0,0
NAPAN,0,0,0
YOKARI,161,1260,1421
PULAU KURUDU,0,0,0
ANGKAISERA,0,0,0
WINDESI,0,0,0
WONAWA,0,0,0
YARO,0,0,0
KEPULAUAN AMBAI,0,0,0
WANGGAR,0,0,0
UWAPA,0,0,0
YAUR,0,0,0
AIMANDO PADAIDO,121,1123,1244
YAPEN TIMUR,0,0,0
TELUK AMPIMOI,0,0,0
RAIMBAWI,0,0,0
POOM,0,0,0
YAPEN UTARA,0,0,0
KOSIWO,0,0,0
YAWOSI,67,974,1041
BRUYADORI,65,710,775
YAPEN BARAT,0,0,0
PULAU YERUI,0,0,0
WARSA,192,2143,2335
BIAK UTARA,490,2938,3428
ORKERI,91,671,762
SAMOFA,3126,7954,11080
BONDIFUAR,22,315,337
POIRU,54,850,904
ORIDEK,138,2304,2442
BIAK BARAT,219,2481,2700
PADAIDO,156,882,1038
MULIA,0,0,0
SWANDIWE,364,1898,2262
ANDEY,117,1091,1208
BIAK KOTA,3216,12715,15931
FAWI,1971,3239,5210
NUMFOR BARAT,85,914,999
YENDIDORI,397,3296,3693
KAPIRAYA,0,0,0
BOWOBADO,0,0,0
YATAMO,0,0,0
NUMFOR TIMUR,124,776,900
ILU,0,0,0
YAMO,0,0,0
HITADIPA,0,0,0
TIGI,0,0,0
SIRIWO,0,0,0
PANIAI BARAT,0,0,0
TINGGINAMBUT,2120,26686,28806
ARADIDE,0,0,0
MEWOLUK,905,12044,12949
SUGAPA,0,0,0
BIAK TIMUR,256,3336,3592
TIGI BARAT,0,0,0
KEBO,0,0,0
JIGONIKME,0,0,0
TIGI TIMUR,0,0,0
TORERE,3000,3807,6807
AGISIGA,0,0,0
PANIAI TIMUR,0,0,0
MIMIKA BARAT JAUH,179,1022,1201
WANDAI,0,0,0
MIMIKA TIMUR JAUH,561,2664,3225
HOMEO,0,0,0
DUMADAMA,0,0,0
KUALA KENCANA,6171,10309,16480
AGIMUGA,13,643,656
PANTAI TIMUR BAGIAN BARAT,0,0,0
BIANDOGA,0,0,0
JILA,228,2521,2749
BIBIDA,0,0,0
APAWER HULU,0,0,0
MIMIKA TIMUR,1136,2628,3764
BOGABAIDA,0,0,0
SARMI,0,0,0
MIMIKA BARAT,368,1417,1785
EKADIDE,0,0,0
TEMBAGAPURA,3940,15873,19813
SARMI SELATAN,0,0,0
MIMIKA TIMUR TENGAH,643,1283,1926
MIMIKA BARU,0,0,0
JITA,36,514,550
WARIS,0,0,0
SARMI TIMUR,0,0,0
ARSO TIMUR,0,0,0
MIMIKA BARAT TENGAH,0,0,0
BONGGO,0,0,0
TOR ATAS,0,0,0
OKLIP,0,1386,1386
WEB,0,0,0
OKSAMOL,192,1866,2058
PANTAI TIMUR,0,0,0
BONGGO TIMUR,0,0,0
TOWE,0,0,0
OKBEMTAU,0,2791,2791
OKHIKA,62,1340,1402
ARSO,0,0,0
PANTAI BARAT,0,0,0
OKSEBANG,0,1799,1799
OKSEBANG,0,1799,1799
MOFINOP,15,1158,1173
WEIME,0,4199,4199
TARUP,0,1663,1663
SENGGI,0,0,0
SKANTO,0,0,0
OKSIBIL,295,4759,5054
TEIRAPLU,0,1934,1934
BATANI,0,3639,3639
KIWIROK,120,2124,2244
OKBIBAB,28,2124,2152
IWUR,320,3000,3320
JETFA,0,2431,2431
BIME,1000,4866,5866
AWINBON,0,1526,1526
KAWOR,0,2662,2662
BATOM,545,2064,2609
PAMEK,66,2900,2966
OKSOP,337,2675,3012
PEPERA,44,1480,1524
OKBAB,1152,3146,4298
MURKIM,0,1015,1015
SUMO,0,0,0
LOLAT,0,3545,3545
EIPUMEK,504,4866,5370
SERAMBAKON,11,2227,2238
ABOY,285,1658,1943
KIWIROK TIMUR,127,2010,2137
SELA,0,0,0
BORME,24,5319,5343
OKBAPE,10,1325,1335
ALEMSOM,0,3021,3021
DIRWEMNA,0,0,0
KALOMDOL,61,1450,1511
UBALIHI,0,5695,5695
OK AOM,0,1223,1223
TALAMBO,0,4491,4491
NONGME,307,2500,2807
KONA,0,0,0
BOMELA,0,0,0
ENDOMEN,0,0,0
KABIANGGAMA,0,0,0
SUNTAMON,0,0,0
DURAM,0,0,0
SOLOIKMA,0,0,0
PULDAMA,0,0,0
HOLUON,0,2994,2994
SOBAHAM,0,0,0
KWELEMDUA,0,0,0
LANGDA,0,0,0
SEREDELA,0,0,0
HEREAPINI,0,5540,5540
KORUPUN,0,0,0
KAYO,0,0,0
SURU SURU,0,0,0
NALCA,0,0,0
OBIO,0,0,0
AMUMA,0,5899,5899
HILIPUK,0,0,0
YOGOSEM,0,0,0
ANGGRUK,0,0,0
WUSAMA,0,0,0
KWIKMA,0,0,0
PASEMA,5475,0,5475
DEKAI,0,0,0
NINIA,0,0,0
MUSAIK,0,0,0
HOGIO,2698,0,2698
WALMA,0,4763,4763
UBAHAK,0,9375,9375
SAMENAGE,0,0,0
SILIMO,0,0,0
YAHULIAMBUT,3703,0,3703
PANGGEMA,0,5877,5877
SOBA,0,3812,3812
KOSAREK,0,0,0
YUKO,0,0,0
TAGINERI,0,0,0
TANGMA,0,0,0
DOW,0,0,0
UKHA,0,0,0
KAMBONERI,0,0,0
PRONGGOLI,0,5924,5924
LI ANOGOMMA,0,0,0
WERIMA,0,5797,5797
AIRGARAM,0,0,0
POGANERI,0,0,0
WAKUWO,0,0,0
BIUK,0,0,0
NIPSAN,0,4015,4015
KAI,0,0,0
KURIMA,0,0,0
TELENGGEME,0,0,0
MUGI,0,5239,5239
BOGONUK,0,0,0
EGIAM,0,0,0
GIKA,0,0,0
YUNERI,0,0,0
KANGGIME,0,0,0
WENAM,0,0,0
GEYA,0,0,0
WINA,0,0,0
WONIKI,0,0,0
ANAWI,0,0,0
TAGIME,0,0,0
AWEKU,0,0,0
WUNIM,0,0,0
GOYAGE,0,0,0
DANIME,0,0,0
UMAGI,0,0,0
WUGI,0,0,0
TIMORI,0,0,0
NUNGGAWI,0,0,0
DUNDU,0,0,0
GUNDAGI,0,0,0
NABUNAGE,0,0,0
PANAGA,0,0,0
KARUBAGA,0,0,0
NUMBA,0,0,0
KUBU,0,0,0
NELAWI,0,0,0
KEMBU,0,0,0
RISEI SAYATI,139,934,1073
MASIREI,99,1208,1307
INGGERUS,281,924,1205
BOKONERI,0,0,0
OUDATE,94,2497,2591
UREI FAISEI,980,4873,5853
BEWANI,0,0,0
GILUBANDU,0,0,0
KUARI,0,0,0
YANIRUMA,527,504,1031
BOKONDINI,0,0,0
WAPOGA,312,1315,1627
KOMBAY,45,830,875
MANDOBO,1209,3928,5137
MANGGELUM,93,431,524
WAROPEN BAWAH,625,2441,3066
DEMBA,151,1963,2114
KI,47,527,574
KOMBUT,22,435,457
MINDIPTANA,192,1455,1647
SUBUR,39,842,881
KIRIHI,552,2147,2699
FIRIWAGE,36,599,635
WAROPKO,141,649,790
SYAHCAME,133,1244,1377
PASSUE BAWAH,823,903,1726
YAKOMI,160,776,936
NINATI,2,291,293
VENAHA,157,1032,1189
KOUH,62,382,444
SESNUK,55,142,197
AMBATKWI,56,434,490
INIYANDIT,100,284,384
BAMGI,102,1048,1150
FOFI,95,1157,1252
HAJU,423,4907,5330
PASSUE,235,2238,2473
KAWAGIT,63,493,556
JAIR,3760,7009,10769
BOMAKIA,387,895,1282
EDERA,658,2032,2690
KAIBAR,242,768,1010
SIRETS,0,0,0
OBAA,2159,9062,11221
NAMBIOMAN BAPAI,397,2588,2985
ASSUE,571,3626,4197
ARIMOP,86,1035,1121
TI  ZAIN,688,2195,2883
AGATS,0,0,0
MINYAMUR,942,1653,2595
FAYIT,0,0,0
JOERAT,0,0,0
BETCBAMU,0,0,0
PANTAI KASUARI,0,0,0
AYIP,0,0,0
SUATOR,0,0,0
UNIR SIRAU,0,0,0
SUPIORI TIMUR,0,0,0
SUPIORI UTARA,0,0,0
ATSJ,0,0,0
AKAT,0,0,0
PULAU TIGA,0,0,0
KOLF BRAZA,0,0,0
DER KOUMUR,0,0,0
KOPAY,0,0,0
BENUKI,0,0,0
KELILA,0,0,0
SUPIORI BARAT,0,0,0
KOBAGMA,0,0,0
MAMBERAMO HILIR,0,0,0
SAFAN,0,0,0
WAROPEN ATAS,0,0,0
SUPIORI SELATAN,0,0,0
SAWA ERMA,0,0,0
MAMBERAMO TENGAH,0,0,0
JETSY,0,0,0
KEPULAUAN ARURI,0,0,0
RUFAER,0,0,0
SAWAI,0,0,0
APALAPSILI,3152,7427,10579
BENAWA,1310,9418,10728
MAMBERAMO TENGAH TIMUR,0,0,0
TIOMNERI,10508,0,10508
MEGAMBILIS,0,0,0
MAMBERAMO HULU,0,0,0
GAMELIA,8228,8200,16428
ELELIM,2919,6693,9612
WELAREK,536,13900,14436
TIOM,8756,10964,19720
NIRKURI,0,0,0
ABENAHO,9895,12612,22507
ERAGAYAM,0,0,0
ILUGWA,0,0,0
BALINGGA,8854,7056,15910
DIMBA,10001,2216,12217
MELAGINERI,13199,0,13199
KUYAWAGE,10217,440,10657
MAKKI,6435,9551,15986
KORA,0,0,0
WUSI,0,0,0
MBULMU YALMA,0,0,0
DAL,0,0,0
INIKGAL,0,0,0
POGA,6453,4117,10570
PIJA,0,0,0
PIRIME,190,20065,20255
KENYAM,0,0,0
MAPENDUMA,0,0,0
INIYE,0,0,0
MAM,0,0,0
MBUA TENGAH,0,0,0
WUTPAGA,0,0,0
PASIR PUTIH,0,0,0
YAL,0,0,0
EMBETPEN,0,0,0
NENGGEAGIN,0,0,0
WOSAK,0,0,0
MBUWA,0,0,0
MEBAROK,0,0,0
MOBA,0,0,0
ILAGA,3564,27306,30870
KEGAYEM,0,0,0
GESELMA,0,0,0
KOROPTAK,0,0,0
YIGI,0,0,0
MUGI,0,0,0
YENGGELO,0,0,0
PARO,0,0,0
GEAREK,0,0,0
MAPIA,0,0,0
ALAMA,0,0,0
POGOMA,31,14963,14994
AGANDUGUME,0,11408,11408
WANGBE,0,20021,20021
MAPIA TENGAH,0,0,0
KAMU,0,0,0
GOME,4476,15397,19873
BEOGA,0,25832,25832
DOUFO,0,6108,6108
KILMID,0,0,0
KREPKURI,0,0,0
SINAK,0,28061,28061
HITADIPA,0,0,0
MAPIA BARAT,0,0,0
PIYAIYE,0,0,0
SUKIKAI SELATAN,0,0,0
JAYAPURA UTARA,0,0,0
KAMU SELATAN,0,0,0
KAMU TIMUR,0,0,0
HOMEYO,0,0,0
KAPIRAYA,712,2000,2712
KAMU UTARA,0,0,0
WANDAI,0,0,0
DOGIYAI,0,0,0
BOWOBADO,77,4400,4477
TIGI TIMUR,579,8942,9521
SUGAPA,0,0,0
MARIAT,4378,2826,7204
MAUDUS,322,1057,1379
KLAWAK,176,2019,2195
TIGI,0,0,0
TIGI BARAT,0,0,0
SALAWATI SELATAN,424,902,1326
AGISIGA,0,0,0
ABEPURA,0,0,0
JAYAPURA SELATAN,0,0,0
AIMAS,6833,6967,13800
MUARA TAMI,0,0,0
MAYAMUK,4256,2243,6499
BIANDOGA,0,0,0
MOISEGEN,743,829,1572
KLASO,30,1338,1368
KLAYILI,53,961,1014
SEGUN,286,810,1096
SALAWATI,4136,1497,5633
RANSIKI,1108,5685,6793
HERAM,0,0,0
MAKBON,61,1315,1376
SEGET,483,1552,2035
CATUBOUW,705,2073,2778
DIDOHU,0,0,0
BERAUR,584,2096,2680
KLAMONO,1039,3196,4235
TOHOTA,106,924,1030
MANOKWARI SELATAN,2796,6371,9167
TAIGE,0,2961,2961
NENEY,62,1595,1657
MEMBEY,0,0,0
ANGGI GIDA,195,1678,1873
KLABOT,265,2245,2510
SAYOSA,238,1661,1899
WARMARE,0,0,0
SURUREY,0,0,0
MANOKWARI BARAT,16003,30074,46077
MINYAMBOUW,0,0,0
DATARAN ISIM,114,1834,1948
SIDEY,0,0,0
ANGGI,0,0,0
MASNI,0,0,0
TEMINABUAN,0,0,0
MANOKWARI TIMUR,771,3783,4554
SAIFI,83,1514,1597
ORANSBARI,0,0,0
TANAH RUBUH,39,3459,3498
TESTEGA,0,0,0
WAYER,393,1077,1470
PRAFI,0,0,0
MANOKWARI UTARA,201,3085,3286
KARAS,0,0,0
KONDA,467,888,1355
METEMANI,422,1468,1890
WAIGEO BARAT KEPULAUAN,0,0,0
SEREMUK,207,1007,1214
KOKAS,0,0,0
HINK,0,0,0
KOKODA UTARA,1014,890,1904
BOMBERAY,0,0,0
FKOUR,216,466,682
INANWATAN,431,1293,1724
TELUK PATIPI,0,0,0
BATANTA UTARA,0,0,0
KRAMONGMONGGA,0,0,0
KAIS,420,1787,2207
MOSWAREN,760,1183,1943
KOTA WAISAI,0,0,0
KEPULAUAN SEMBILAN,0,0,0
SAWIAT,386,1979,2365
WARWARBOMI,0,0,0
WAIGEO UTARA,0,0,0
SALAWATI UTARA,0,0,0
KEPULAUAN AYAU,0,0,0
SALAWATI TENGAH,0,0,0
TIPLOL MAYALIBIT,0,0,0
MISOOL SELATAN,0,0,0
KOKODA,1956,3299,5255
WAIGEO BARAT,0,0,0
TELUK MAYALIBIT,0,0,0
WAIGEO SELATAN,0,0,0
WAIGEO TIMUR,0,0,0
MASYETA,136,552,688
MISOOL BARAT,0,0,0
KAMUNDAN,305,189,494
BINTUNI,2959,7845,10804
WERIAGAR,644,701,1345
BATANTA SELATAN,0,0,0
MISOOL TIMUR,0,0,0
SALAWATI BARAT,0,0,0
SUPNIN,0,0,0
AROBA,443,1435,1878
TOMU,1199,370,1569
DATARAN BEIMES,23,958,981
AYAU,0,0,0
KAITARO,66,532,598
KOFIAU,0,0,0
BABO,778,1205,1983
MEOS MANSAR,0,0,0
SUMURI,1277,3953,5230
MOSKONA BARAT,5,757,762
MEYADO,164,557,721
FAFURWAR,6,869,875
MERDEY,573,391,964
TUHIBA,171,703,874
ARANDAY,957,377,1334
WASIOR,1816,4941,6757
NIKIWAR,84,471,555
MOSKONA SELATAN,154,800,954
TEMBUNI,223,550,773
BISCOOP,53,454,507
NAIKERE,14,537,551
WINDESI,75,835,910
ROSWAR,10,513,523
WAMESA,0,796,796
WONDIBOY,243,1085,1328
TELUK ARGUNI ATAS,0,0,0
KURI WAMESA,184,892,1076
SOUG JAYA,13,438,451
MOSKONA UTARA,187,1017,1204
MOSKONA TIMUR,706,779,1485
RASIEI,186,1545,1731
KURI,45,698,743
MANIMERI,1240,2011,3251
ROON,187,670,857
WAMESA,25,532,557
KAIMANA,0,0,0
YAMOR,0,0,0
RUMBERPON,87,961,1048
AMBERBAKEN,0,0,0
BURUWAY,0,0,0
TELUK ETNA,0,0,0
SENOPI,0,0,0
ABUN,0,0,0
MORAID,0,0,0
TELUK DUAIRI,367,684,1051
MUBRANI,0,0,0
TELUK ARGUNI BAWAH,0,0,0
KEBAR,0,0,0
FEF,0,0,0
SAUSAPOR,0,0,0
KAMBRAU,0,0,0
YEMBUN,0,0,0
AYAMARU JAYA,62,1191,1253
SYUJAK,0,0,0
AITINYO TENGAH,201,804,1005
AIFAT TIMUR JAUH,199,242,441
AYAMARU UTARA TIMUR,276,852,1128
AIFAT UTARA,761,1273,2034
AITINYO RAYA,53,956,1009
KWOOR,0,0,0
AYAMARU SELATAN JAYA,313,649,962
AYAMARU,124,1717,1841
AIFAT,1049,1250,2299
AYAMARU TENGAH,269,1149,1418
AYAMARU TIMUR SELATAN,118,540,658
AIFAT TIMUR TENGAH,573,441,1014
MIYAH,0,0,0
MARE SELATAN,698,252,950
AYAMARU SELATAN,245,1076,1321
AIFAT SELATAN,575,796,1371
MARE,346,866,1212
AYAMARU BARAT,70,649,719
SORONG,0,0,0
AITINYO BARAT,306,584,890
SORONG BARAT,0,0,0
AIFAT TIMUR,392,353,745
AYAMARU UTARA,778,1449,2227
AITINYO,195,1649,1844
SORONG UTARA,0,0,0
AITINYO UTARA,143,933,1076
AYAMARU TIMUR,140,871,1011
SORONG KEPULAUAN,1440,2596,4036
AIFAT TIMUR SELATAN,77,340,417
SORONG TIMUR,6841,9561,16402
